doy	hr	lai_up	lai_down
1	0.5	1	0
1	1.5	1	0
1	2.5	1	0
1	3.5	1	0
1	4.5	1	0
1	5.5	1	0
1	6.5	1	0
1	7.5	1	0
1	8.5	1	0
1	9.5	1	0
1	10.5	1	0
1	11.5	1	0
1	12.5	1	0
1	13.5	1	0
1	14.5	1	0
1	15.5	1	0
1	16.5	1	0
1	17.5	1	0
1	18.5	1	0
1	19.5	1	0
1	20.5	1	0
1	21.5	1	0
1	22.5	1	0
1	23.5	1	0
2	0.5	1	0
2	1.5	1	0
2	2.5	1	0
2	3.5	1	0
2	4.5	1	0
2	5.5	1	0
2	6.5	1	0
2	7.5	1	0
2	8.5	1	0
2	9.5	1	0
2	10.5	1	0
2	11.5	1	0
2	12.5	1	0
2	13.5	1	0
2	14.5	1	0
2	15.5	1	0
2	16.5	1	0
2	17.5	1	0
2	18.5	1	0
2	19.5	1	0
2	20.5	1	0
2	21.5	1	0
2	22.5	1	0
2	23.5	1	0
3	0.5	1	0
3	1.5	1	0
3	2.5	1	0
3	3.5	1	0
3	4.5	1	0
3	5.5	1	0
3	6.5	1	0
3	7.5	1	0
3	8.5	1	0
3	9.5	1	0
3	10.5	1	0
3	11.5	1	0
3	12.5	1	0
3	13.5	1	0
3	14.5	1	0
3	15.5	1	0
3	16.5	1	0
3	17.5	1	0
3	18.5	1	0
3	19.5	1	0
3	20.5	1	0
3	21.5	1	0
3	22.5	1	0
3	23.5	1	0
4	0.5	1	0
4	1.5	1	0
4	2.5	1	0
4	3.5	1	0
4	4.5	1	0
4	5.5	1	0
4	6.5	1	0
4	7.5	1	0
4	8.5	1	0
4	9.5	1	0
4	10.5	1	0
4	11.5	1	0
4	12.5	1	0
4	13.5	1	0
4	14.5	1	0
4	15.5	1	0
4	16.5	1	0
4	17.5	1	0
4	18.5	1	0
4	19.5	1	0
4	20.5	1	0
4	21.5	1	0
4	22.5	1	0
4	23.5	1	0
5	0.5	1	0
5	1.5	1	0
5	2.5	1	0
5	3.5	1	0
5	4.5	1	0
5	5.5	1	0
5	6.5	1	0
5	7.5	1	0
5	8.5	1	0
5	9.5	1	0
5	10.5	1	0
5	11.5	1	0
5	12.5	1	0
5	13.5	1	0
5	14.5	1	0
5	15.5	1	0
5	16.5	1	0
5	17.5	1	0
5	18.5	1	0
5	19.5	1	0
5	20.5	1	0
5	21.5	1	0
5	22.5	1	0
5	23.5	1	0
6	0.5	1	0
6	1.5	1	0
6	2.5	1	0
6	3.5	1	0
6	4.5	1	0
6	5.5	1	0
6	6.5	1	0
6	7.5	1	0
6	8.5	1	0
6	9.5	1	0
6	10.5	1	0
6	11.5	1	0
6	12.5	1	0
6	13.5	1	0
6	14.5	1	0
6	15.5	1	0
6	16.5	1	0
6	17.5	1	0
6	18.5	1	0
6	19.5	1	0
6	20.5	1	0
6	21.5	1	0
6	22.5	1	0
6	23.5	1	0
7	0.5	1	0
7	1.5	1	0
7	2.5	1	0
7	3.5	1	0
7	4.5	1	0
7	5.5	1	0
7	6.5	1	0
7	7.5	1	0
7	8.5	1	0
7	9.5	1	0
7	10.5	1	0
7	11.5	1	0
7	12.5	1	0
7	13.5	1	0
7	14.5	1	0
7	15.5	1	0
7	16.5	1	0
7	17.5	1	0
7	18.5	1	0
7	19.5	1	0
7	20.5	1	0
7	21.5	1	0
7	22.5	1	0
7	23.5	1	0
8	0.5	1	0
8	1.5	1	0
8	2.5	1	0
8	3.5	1	0
8	4.5	1	0
8	5.5	1	0
8	6.5	1	0
8	7.5	1	0
8	8.5	1	0
8	9.5	1	0
8	10.5	1	0
8	11.5	1	0
8	12.5	1	0
8	13.5	1	0
8	14.5	1	0
8	15.5	1	0
8	16.5	1	0
8	17.5	1	0
8	18.5	1	0
8	19.5	1	0
8	20.5	1	0
8	21.5	1	0
8	22.5	1	0
8	23.5	1	0
9	0.5	1	0
9	1.5	1	0
9	2.5	1	0
9	3.5	1	0
9	4.5	1	0
9	5.5	1	0
9	6.5	1	0
9	7.5	1	0
9	8.5	1	0
9	9.5	1	0
9	10.5	1	0
9	11.5	1	0
9	12.5	1	0
9	13.5	1	0
9	14.5	1	0
9	15.5	1	0
9	16.5	1	0
9	17.5	1	0
9	18.5	1	0
9	19.5	1	0
9	20.5	1	0
9	21.5	1	0
9	22.5	1	0
9	23.5	1	0
10	0.5	1	0
10	1.5	1	0
10	2.5	1	0
10	3.5	1	0
10	4.5	1	0
10	5.5	1	0
10	6.5	1	0
10	7.5	1	0
10	8.5	1	0
10	9.5	1	0
10	10.5	1	0
10	11.5	1	0
10	12.5	1	0
10	13.5	1	0
10	14.5	1	0
10	15.5	1	0
10	16.5	1	0
10	17.5	1	0
10	18.5	1	0
10	19.5	1	0
10	20.5	1	0
10	21.5	1	0
10	22.5	1	0
10	23.5	1	0
11	0.5	1	0
11	1.5	1	0
11	2.5	1	0
11	3.5	1	0
11	4.5	1	0
11	5.5	1	0
11	6.5	1	0
11	7.5	1	0
11	8.5	1	0
11	9.5	1	0
11	10.5	1	0
11	11.5	1	0
11	12.5	1	0
11	13.5	1	0
11	14.5	1	0
11	15.5	1	0
11	16.5	1	0
11	17.5	1	0
11	18.5	1	0
11	19.5	1	0
11	20.5	1	0
11	21.5	1	0
11	22.5	1	0
11	23.5	1	0
12	0.5	1	0
12	1.5	1	0
12	2.5	1	0
12	3.5	1	0
12	4.5	1	0
12	5.5	1	0
12	6.5	1	0
12	7.5	1	0
12	8.5	1	0
12	9.5	1	0
12	10.5	1	0
12	11.5	1	0
12	12.5	1	0
12	13.5	1	0
12	14.5	1	0
12	15.5	1	0
12	16.5	1	0
12	17.5	1	0
12	18.5	1	0
12	19.5	1	0
12	20.5	1	0
12	21.5	1	0
12	22.5	1	0
12	23.5	1	0
13	0.5	1	0
13	1.5	1	0
13	2.5	1	0
13	3.5	1	0
13	4.5	1	0
13	5.5	1	0
13	6.5	1	0
13	7.5	1	0
13	8.5	1	0
13	9.5	1	0
13	10.5	1	0
13	11.5	1	0
13	12.5	1	0
13	13.5	1	0
13	14.5	1	0
13	15.5	1	0
13	16.5	1	0
13	17.5	1	0
13	18.5	1	0
13	19.5	1	0
13	20.5	1	0
13	21.5	1	0
13	22.5	1	0
13	23.5	1	0
14	0.5	1	0
14	1.5	1	0
14	2.5	1	0
14	3.5	1	0
14	4.5	1	0
14	5.5	1	0
14	6.5	1	0
14	7.5	1	0
14	8.5	1	0
14	9.5	1	0
14	10.5	1	0
14	11.5	1	0
14	12.5	1	0
14	13.5	1	0
14	14.5	1	0
14	15.5	1	0
14	16.5	1	0
14	17.5	1	0
14	18.5	1	0
14	19.5	1	0
14	20.5	1	0
14	21.5	1	0
14	22.5	1	0
14	23.5	1	0
15	0.5	1	0
15	1.5	1	0
15	2.5	1	0
15	3.5	1	0
15	4.5	1	0
15	5.5	1	0
15	6.5	1	0
15	7.5	1	0
15	8.5	1	0
15	9.5	1	0
15	10.5	1	0
15	11.5	1	0
15	12.5	1	0
15	13.5	1	0
15	14.5	1	0
15	15.5	1	0
15	16.5	1	0
15	17.5	1	0
15	18.5	1	0
15	19.5	1	0
15	20.5	1	0
15	21.5	1	0
15	22.5	1	0
15	23.5	1	0
16	0.5	1	0
16	1.5	1	0
16	2.5	1	0
16	3.5	1	0
16	4.5	1	0
16	5.5	1	0
16	6.5	1	0
16	7.5	1	0
16	8.5	1	0
16	9.5	1	0
16	10.5	1	0
16	11.5	1	0
16	12.5	1	0
16	13.5	1	0
16	14.5	1	0
16	15.5	1	0
16	16.5	1	0
16	17.5	1	0
16	18.5	1	0
16	19.5	1	0
16	20.5	1	0
16	21.5	1	0
16	22.5	1	0
16	23.5	1	0
17	0.5	1	0
17	1.5	1	0
17	2.5	1	0
17	3.5	1	0
17	4.5	1	0
17	5.5	1	0
17	6.5	1	0
17	7.5	1	0
17	8.5	1	0
17	9.5	1	0
17	10.5	1	0
17	11.5	1	0
17	12.5	1	0
17	13.5	1	0
17	14.5	1	0
17	15.5	1	0
17	16.5	1	0
17	17.5	1	0
17	18.5	1	0
17	19.5	1	0
17	20.5	1	0
17	21.5	1	0
17	22.5	1	0
17	23.5	1	0
18	0.5	1	0
18	1.5	1	0
18	2.5	1	0
18	3.5	1	0
18	4.5	1	0
18	5.5	1	0
18	6.5	1	0
18	7.5	1	0
18	8.5	1	0
18	9.5	1	0
18	10.5	1	0
18	11.5	1	0
18	12.5	1	0
18	13.5	1	0
18	14.5	1	0
18	15.5	1	0
18	16.5	1	0
18	17.5	1	0
18	18.5	1	0
18	19.5	1	0
18	20.5	1	0
18	21.5	1	0
18	22.5	1	0
18	23.5	1	0
19	0.5	1	0
19	1.5	1	0
19	2.5	1	0
19	3.5	1	0
19	4.5	1	0
19	5.5	1	0
19	6.5	1	0
19	7.5	1	0
19	8.5	1	0
19	9.5	1	0
19	10.5	1	0
19	11.5	1	0
19	12.5	1	0
19	13.5	1	0
19	14.5	1	0
19	15.5	1	0
19	16.5	1	0
19	17.5	1	0
19	18.5	1	0
19	19.5	1	0
19	20.5	1	0
19	21.5	1	0
19	22.5	1	0
19	23.5	1	0
20	0.5	1	0
20	1.5	1	0
20	2.5	1	0
20	3.5	1	0
20	4.5	1	0
20	5.5	1	0
20	6.5	1	0
20	7.5	1	0
20	8.5	1	0
20	9.5	1	0
20	10.5	1	0
20	11.5	1	0
20	12.5	1	0
20	13.5	1	0
20	14.5	1	0
20	15.5	1	0
20	16.5	1	0
20	17.5	1	0
20	18.5	1	0
20	19.5	1	0
20	20.5	1	0
20	21.5	1	0
20	22.5	1	0
20	23.5	1	0
21	0.5	1	0
21	1.5	1	0
21	2.5	1	0
21	3.5	1	0
21	4.5	1	0
21	5.5	1	0
21	6.5	1	0
21	7.5	1	0
21	8.5	1	0
21	9.5	1	0
21	10.5	1	0
21	11.5	1	0
21	12.5	1	0
21	13.5	1	0
21	14.5	1	0
21	15.5	1	0
21	16.5	1	0
21	17.5	1	0
21	18.5	1	0
21	19.5	1	0
21	20.5	1	0
21	21.5	1	0
21	22.5	1	0
21	23.5	1	0
22	0.5	1	0
22	1.5	1	0
22	2.5	1	0
22	3.5	1	0
22	4.5	1	0
22	5.5	1	0
22	6.5	1	0
22	7.5	1	0
22	8.5	1	0
22	9.5	1	0
22	10.5	1	0
22	11.5	1	0
22	12.5	1	0
22	13.5	1	0
22	14.5	1	0
22	15.5	1	0
22	16.5	1	0
22	17.5	1	0
22	18.5	1	0
22	19.5	1	0
22	20.5	1	0
22	21.5	1	0
22	22.5	1	0
22	23.5	1	0
23	0.5	1	0
23	1.5	1	0
23	2.5	1	0
23	3.5	1	0
23	4.5	1	0
23	5.5	1	0
23	6.5	1	0
23	7.5	1	0
23	8.5	1	0
23	9.5	1	0
23	10.5	1	0
23	11.5	1	0
23	12.5	1	0
23	13.5	1	0
23	14.5	1	0
23	15.5	1	0
23	16.5	1	0
23	17.5	1	0
23	18.5	1	0
23	19.5	1	0
23	20.5	1	0
23	21.5	1	0
23	22.5	1	0
23	23.5	1	0
24	0.5	1	0
24	1.5	1	0
24	2.5	1	0
24	3.5	1	0
24	4.5	1	0
24	5.5	1	0
24	6.5	1	0
24	7.5	1	0
24	8.5	1	0
24	9.5	1	0
24	10.5	1	0
24	11.5	1	0
24	12.5	1	0
24	13.5	1	0
24	14.5	1	0
24	15.5	1	0
24	16.5	1	0
24	17.5	1	0
24	18.5	1	0
24	19.5	1	0
24	20.5	1	0
24	21.5	1	0
24	22.5	1	0
24	23.5	1	0
25	0.5	1	0
25	1.5	1	0
25	2.5	1	0
25	3.5	1	0
25	4.5	1	0
25	5.5	1	0
25	6.5	1	0
25	7.5	1	0
25	8.5	1	0
25	9.5	1	0
25	10.5	1	0
25	11.5	1	0
25	12.5	1	0
25	13.5	1	0
25	14.5	1	0
25	15.5	1	0
25	16.5	1	0
25	17.5	1	0
25	18.5	1	0
25	19.5	1	0
25	20.5	1	0
25	21.5	1	0
25	22.5	1	0
25	23.5	1	0
26	0.5	1	0
26	1.5	1	0
26	2.5	1	0
26	3.5	1	0
26	4.5	1	0
26	5.5	1	0
26	6.5	1	0
26	7.5	1	0
26	8.5	1	0
26	9.5	1	0
26	10.5	1	0
26	11.5	1	0
26	12.5	1	0
26	13.5	1	0
26	14.5	1	0
26	15.5	1	0
26	16.5	1	0
26	17.5	1	0
26	18.5	1	0
26	19.5	1	0
26	20.5	1	0
26	21.5	1	0
26	22.5	1	0
26	23.5	1	0
27	0.5	1	0
27	1.5	1	0
27	2.5	1	0
27	3.5	1	0
27	4.5	1	0
27	5.5	1	0
27	6.5	1	0
27	7.5	1	0
27	8.5	1	0
27	9.5	1	0
27	10.5	1	0
27	11.5	1	0
27	12.5	1	0
27	13.5	1	0
27	14.5	1	0
27	15.5	1	0
27	16.5	1	0
27	17.5	1	0
27	18.5	1	0
27	19.5	1	0
27	20.5	1	0
27	21.5	1	0
27	22.5	1	0
27	23.5	1	0
28	0.5	1	0
28	1.5	1	0
28	2.5	1	0
28	3.5	1	0
28	4.5	1	0
28	5.5	1	0
28	6.5	1	0
28	7.5	1	0
28	8.5	1	0
28	9.5	1	0
28	10.5	1	0
28	11.5	1	0
28	12.5	1	0
28	13.5	1	0
28	14.5	1	0
28	15.5	1	0
28	16.5	1	0
28	17.5	1	0
28	18.5	1	0
28	19.5	1	0
28	20.5	1	0
28	21.5	1	0
28	22.5	1	0
28	23.5	1	0
29	0.5	1	0
29	1.5	1	0
29	2.5	1	0
29	3.5	1	0
29	4.5	1	0
29	5.5	1	0
29	6.5	1	0
29	7.5	1	0
29	8.5	1	0
29	9.5	1	0
29	10.5	1	0
29	11.5	1	0
29	12.5	1	0
29	13.5	1	0
29	14.5	1	0
29	15.5	1	0
29	16.5	1	0
29	17.5	1	0
29	18.5	1	0
29	19.5	1	0
29	20.5	1	0
29	21.5	1	0
29	22.5	1	0
29	23.5	1	0
30	0.5	1	0
30	1.5	1	0
30	2.5	1	0
30	3.5	1	0
30	4.5	1	0
30	5.5	1	0
30	6.5	1	0
30	7.5	1	0
30	8.5	1	0
30	9.5	1	0
30	10.5	1	0
30	11.5	1	0
30	12.5	1	0
30	13.5	1	0
30	14.5	1	0
30	15.5	1	0
30	16.5	1	0
30	17.5	1	0
30	18.5	1	0
30	19.5	1	0
30	20.5	1	0
30	21.5	1	0
30	22.5	1	0
30	23.5	1	0
31	0.5	1	0
31	1.5	1	0
31	2.5	1	0
31	3.5	1	0
31	4.5	1	0
31	5.5	1	0
31	6.5	1	0
31	7.5	1	0
31	8.5	1	0
31	9.5	1	0
31	10.5	1	0
31	11.5	1	0
31	12.5	1	0
31	13.5	1	0
31	14.5	1	0
31	15.5	1	0
31	16.5	1	0
31	17.5	1	0
31	18.5	1	0
31	19.5	1	0
31	20.5	1	0
31	21.5	1	0
31	22.5	1	0
31	23.5	1	0
32	0.5	1	0
32	1.5	1	0
32	2.5	1	0
32	3.5	1	0
32	4.5	1	0
32	5.5	1	0
32	6.5	1	0
32	7.5	1	0
32	8.5	1	0
32	9.5	1	0
32	10.5	1	0
32	11.5	1	0
32	12.5	1	0
32	13.5	1	0
32	14.5	1	0
32	15.5	1	0
32	16.5	1	0
32	17.5	1	0
32	18.5	1	0
32	19.5	1	0
32	20.5	1	0
32	21.5	1	0
32	22.5	1	0
32	23.5	1	0
33	0.5	1	0
33	1.5	1	0
33	2.5	1	0
33	3.5	1	0
33	4.5	1	0
33	5.5	1	0
33	6.5	1	0
33	7.5	1	0
33	8.5	1	0
33	9.5	1	0
33	10.5	1	0
33	11.5	1	0
33	12.5	1	0
33	13.5	1	0
33	14.5	1	0
33	15.5	1	0
33	16.5	1	0
33	17.5	1	0
33	18.5	1	0
33	19.5	1	0
33	20.5	1	0
33	21.5	1	0
33	22.5	1	0
33	23.5	1	0
34	0.5	1	0
34	1.5	1	0
34	2.5	1	0
34	3.5	1	0
34	4.5	1	0
34	5.5	1	0
34	6.5	1	0
34	7.5	1	0
34	8.5	1	0
34	9.5	1	0
34	10.5	1	0
34	11.5	1	0
34	12.5	1	0
34	13.5	1	0
34	14.5	1	0
34	15.5	1	0
34	16.5	1	0
34	17.5	1	0
34	18.5	1	0
34	19.5	1	0
34	20.5	1	0
34	21.5	1	0
34	22.5	1	0
34	23.5	1	0
35	0.5	1	0
35	1.5	1	0
35	2.5	1	0
35	3.5	1	0
35	4.5	1	0
35	5.5	1	0
35	6.5	1	0
35	7.5	1	0
35	8.5	1	0
35	9.5	1	0
35	10.5	1	0
35	11.5	1	0
35	12.5	1	0
35	13.5	1	0
35	14.5	1	0
35	15.5	1	0
35	16.5	1	0
35	17.5	1	0
35	18.5	1	0
35	19.5	1	0
35	20.5	1	0
35	21.5	1	0
35	22.5	1	0
35	23.5	1	0
36	0.5	1	0
36	1.5	1	0
36	2.5	1	0
36	3.5	1	0
36	4.5	1	0
36	5.5	1	0
36	6.5	1	0
36	7.5	1	0
36	8.5	1	0
36	9.5	1	0
36	10.5	1	0
36	11.5	1	0
36	12.5	1	0
36	13.5	1	0
36	14.5	1	0
36	15.5	1	0
36	16.5	1	0
36	17.5	1	0
36	18.5	1	0
36	19.5	1	0
36	20.5	1	0
36	21.5	1	0
36	22.5	1	0
36	23.5	1	0
37	0.5	1	0
37	1.5	1	0
37	2.5	1	0
37	3.5	1	0
37	4.5	1	0
37	5.5	1	0
37	6.5	1	0
37	7.5	1	0
37	8.5	1	0
37	9.5	1	0
37	10.5	1	0
37	11.5	1	0
37	12.5	1	0
37	13.5	1	0
37	14.5	1	0
37	15.5	1	0
37	16.5	1	0
37	17.5	1	0
37	18.5	1	0
37	19.5	1	0
37	20.5	1	0
37	21.5	1	0
37	22.5	1	0
37	23.5	1	0
38	0.5	1	0
38	1.5	1	0
38	2.5	1	0
38	3.5	1	0
38	4.5	1	0
38	5.5	1	0
38	6.5	1	0
38	7.5	1	0
38	8.5	1	0
38	9.5	1	0
38	10.5	1	0
38	11.5	1	0
38	12.5	1	0
38	13.5	1	0
38	14.5	1	0
38	15.5	1	0
38	16.5	1	0
38	17.5	1	0
38	18.5	1	0
38	19.5	1	0
38	20.5	1	0
38	21.5	1	0
38	22.5	1	0
38	23.5	1	0
39	0.5	1	0
39	1.5	1	0
39	2.5	1	0
39	3.5	1	0
39	4.5	1	0
39	5.5	1	0
39	6.5	1	0
39	7.5	1	0
39	8.5	1	0
39	9.5	1	0
39	10.5	1	0
39	11.5	1	0
39	12.5	1	0
39	13.5	1	0
39	14.5	1	0
39	15.5	1	0
39	16.5	1	0
39	17.5	1	0
39	18.5	1	0
39	19.5	1	0
39	20.5	1	0
39	21.5	1	0
39	22.5	1	0
39	23.5	1	0
40	0.5	1	0
40	1.5	1	0
40	2.5	1	0
40	3.5	1	0
40	4.5	1	0
40	5.5	1	0
40	6.5	1	0
40	7.5	1	0
40	8.5	1	0
40	9.5	1	0
40	10.5	1	0
40	11.5	1	0
40	12.5	1	0
40	13.5	1	0
40	14.5	1	0
40	15.5	1	0
40	16.5	1	0
40	17.5	1	0
40	18.5	1	0
40	19.5	1	0
40	20.5	1	0
40	21.5	1	0
40	22.5	1	0
40	23.5	1	0
41	0.5	1	0
41	1.5	1	0
41	2.5	1	0
41	3.5	1	0
41	4.5	1	0
41	5.5	1	0
41	6.5	1	0
41	7.5	1	0
41	8.5	1	0
41	9.5	1	0
41	10.5	1	0
41	11.5	1	0
41	12.5	1	0
41	13.5	1	0
41	14.5	1	0
41	15.5	1	0
41	16.5	1	0
41	17.5	1	0
41	18.5	1	0
41	19.5	1	0
41	20.5	1	0
41	21.5	1	0
41	22.5	1	0
41	23.5	1	0
42	0.5	1	0
42	1.5	1	0
42	2.5	1	0
42	3.5	1	0
42	4.5	1	0
42	5.5	1	0
42	6.5	1	0
42	7.5	1	0
42	8.5	1	0
42	9.5	1	0
42	10.5	1	0
42	11.5	1	0
42	12.5	1	0
42	13.5	1	0
42	14.5	1	0
42	15.5	1	0
42	16.5	1	0
42	17.5	1	0
42	18.5	1	0
42	19.5	1	0
42	20.5	1	0
42	21.5	1	0
42	22.5	1	0
42	23.5	1	0
43	0.5	1	0
43	1.5	1	0
43	2.5	1	0
43	3.5	1	0
43	4.5	1	0
43	5.5	1	0
43	6.5	1	0
43	7.5	1	0
43	8.5	1	0
43	9.5	1	0
43	10.5	1	0
43	11.5	1	0
43	12.5	1	0
43	13.5	1	0
43	14.5	1	0
43	15.5	1	0
43	16.5	1	0
43	17.5	1	0
43	18.5	1	0
43	19.5	1	0
43	20.5	1	0
43	21.5	1	0
43	22.5	1	0
43	23.5	1	0
44	0.5	1	0
44	1.5	1	0
44	2.5	1	0
44	3.5	1	0
44	4.5	1	0
44	5.5	1	0
44	6.5	1	0
44	7.5	1	0
44	8.5	1	0
44	9.5	1	0
44	10.5	1	0
44	11.5	1	0
44	12.5	1	0
44	13.5	1	0
44	14.5	1	0
44	15.5	1	0
44	16.5	1	0
44	17.5	1	0
44	18.5	1	0
44	19.5	1	0
44	20.5	1	0
44	21.5	1	0
44	22.5	1	0
44	23.5	1	0
45	0.5	1	0
45	1.5	1	0
45	2.5	1	0
45	3.5	1	0
45	4.5	1	0
45	5.5	1	0
45	6.5	1	0
45	7.5	1	0
45	8.5	1	0
45	9.5	1	0
45	10.5	1	0
45	11.5	1	0
45	12.5	1	0
45	13.5	1	0
45	14.5	1	0
45	15.5	1	0
45	16.5	1	0
45	17.5	1	0
45	18.5	1	0
45	19.5	1	0
45	20.5	1	0
45	21.5	1	0
45	22.5	1	0
45	23.5	1	0
46	0.5	1	0
46	1.5	1	0
46	2.5	1	0
46	3.5	1	0
46	4.5	1	0
46	5.5	1	0
46	6.5	1	0
46	7.5	1	0
46	8.5	1	0
46	9.5	1	0
46	10.5	1	0
46	11.5	1	0
46	12.5	1	0
46	13.5	1	0
46	14.5	1	0
46	15.5	1	0
46	16.5	1	0
46	17.5	1	0
46	18.5	1	0
46	19.5	1	0
46	20.5	1	0
46	21.5	1	0
46	22.5	1	0
46	23.5	1	0
47	0.5	1	0
47	1.5	1	0
47	2.5	1	0
47	3.5	1	0
47	4.5	1	0
47	5.5	1	0
47	6.5	1	0
47	7.5	1	0
47	8.5	1	0
47	9.5	1	0
47	10.5	1	0
47	11.5	1	0
47	12.5	1	0
47	13.5	1	0
47	14.5	1	0
47	15.5	1	0
47	16.5	1	0
47	17.5	1	0
47	18.5	1	0
47	19.5	1	0
47	20.5	1	0
47	21.5	1	0
47	22.5	1	0
47	23.5	1	0
48	0.5	1	0
48	1.5	1	0
48	2.5	1	0
48	3.5	1	0
48	4.5	1	0
48	5.5	1	0
48	6.5	1	0
48	7.5	1	0
48	8.5	1	0
48	9.5	1	0
48	10.5	1	0
48	11.5	1	0
48	12.5	1	0
48	13.5	1	0
48	14.5	1	0
48	15.5	1	0
48	16.5	1	0
48	17.5	1	0
48	18.5	1	0
48	19.5	1	0
48	20.5	1	0
48	21.5	1	0
48	22.5	1	0
48	23.5	1	0
49	0.5	1	0
49	1.5	1	0
49	2.5	1	0
49	3.5	1	0
49	4.5	1	0
49	5.5	1	0
49	6.5	1	0
49	7.5	1	0
49	8.5	1	0
49	9.5	1	0
49	10.5	1	0
49	11.5	1	0
49	12.5	1	0
49	13.5	1	0
49	14.5	1	0
49	15.5	1	0
49	16.5	1	0
49	17.5	1	0
49	18.5	1	0
49	19.5	1	0
49	20.5	1	0
49	21.5	1	0
49	22.5	1	0
49	23.5	1	0
50	0.5	1	0
50	1.5	1	0
50	2.5	1	0
50	3.5	1	0
50	4.5	1	0
50	5.5	1	0
50	6.5	1	0
50	7.5	1	0
50	8.5	1	0
50	9.5	1	0
50	10.5	1	0
50	11.5	1	0
50	12.5	1	0
50	13.5	1	0
50	14.5	1	0
50	15.5	1	0
50	16.5	1	0
50	17.5	1	0
50	18.5	1	0
50	19.5	1	0
50	20.5	1	0
50	21.5	1	0
50	22.5	1	0
50	23.5	1	0
51	0.5	1	0
51	1.5	1	0
51	2.5	1	0
51	3.5	1	0
51	4.5	1	0
51	5.5	1	0
51	6.5	1	0
51	7.5	1	0
51	8.5	1	0
51	9.5	1	0
51	10.5	1	0
51	11.5	1	0
51	12.5	1	0
51	13.5	1	0
51	14.5	1	0
51	15.5	1	0
51	16.5	1	0
51	17.5	1	0
51	18.5	1	0
51	19.5	1	0
51	20.5	1	0
51	21.5	1	0
51	22.5	1	0
51	23.5	1	0
52	0.5	1	0
52	1.5	1	0
52	2.5	1	0
52	3.5	1	0
52	4.5	1	0
52	5.5	1	0
52	6.5	1	0
52	7.5	1	0
52	8.5	1	0
52	9.5	1	0
52	10.5	1	0
52	11.5	1	0
52	12.5	1	0
52	13.5	1	0
52	14.5	1	0
52	15.5	1	0
52	16.5	1	0
52	17.5	1	0
52	18.5	1	0
52	19.5	1	0
52	20.5	1	0
52	21.5	1	0
52	22.5	1	0
52	23.5	1	0
53	0.5	1	0
53	1.5	1	0
53	2.5	1	0
53	3.5	1	0
53	4.5	1	0
53	5.5	1	0
53	6.5	1	0
53	7.5	1	0
53	8.5	1	0
53	9.5	1	0
53	10.5	1	0
53	11.5	1	0
53	12.5	1	0
53	13.5	1	0
53	14.5	1	0
53	15.5	1	0
53	16.5	1	0
53	17.5	1	0
53	18.5	1	0
53	19.5	1	0
53	20.5	1	0
53	21.5	1	0
53	22.5	1	0
53	23.5	1	0
54	0.5	1	0
54	1.5	1	0
54	2.5	1	0
54	3.5	1	0
54	4.5	1	0
54	5.5	1	0
54	6.5	1	0
54	7.5	1	0
54	8.5	1	0
54	9.5	1	0
54	10.5	1	0
54	11.5	1	0
54	12.5	1	0
54	13.5	1	0
54	14.5	1	0
54	15.5	1	0
54	16.5	1	0
54	17.5	1	0
54	18.5	1	0
54	19.5	1	0
54	20.5	1	0
54	21.5	1	0
54	22.5	1	0
54	23.5	1	0
55	0.5	1	0
55	1.5	1	0
55	2.5	1	0
55	3.5	1	0
55	4.5	1	0
55	5.5	1	0
55	6.5	1	0
55	7.5	1	0
55	8.5	1	0
55	9.5	1	0
55	10.5	1	0
55	11.5	1	0
55	12.5	1	0
55	13.5	1	0
55	14.5	1	0
55	15.5	1	0
55	16.5	1	0
55	17.5	1	0
55	18.5	1	0
55	19.5	1	0
55	20.5	1	0
55	21.5	1	0
55	22.5	1	0
55	23.5	1	0
56	0.5	1	0
56	1.5	1	0
56	2.5	1	0
56	3.5	1	0
56	4.5	1	0
56	5.5	1	0
56	6.5	1	0
56	7.5	1	0
56	8.5	1	0
56	9.5	1	0
56	10.5	1	0
56	11.5	1	0
56	12.5	1	0
56	13.5	1	0
56	14.5	1	0
56	15.5	1	0
56	16.5	1	0
56	17.5	1	0
56	18.5	1	0
56	19.5	1	0
56	20.5	1	0
56	21.5	1	0
56	22.5	1	0
56	23.5	1	0
57	0.5	1	0
57	1.5	1	0
57	2.5	1	0
57	3.5	1	0
57	4.5	1	0
57	5.5	1	0
57	6.5	1	0
57	7.5	1	0
57	8.5	1	0
57	9.5	1	0
57	10.5	1	0
57	11.5	1	0
57	12.5	1	0
57	13.5	1	0
57	14.5	1	0
57	15.5	1	0
57	16.5	1	0
57	17.5	1	0
57	18.5	1	0
57	19.5	1	0
57	20.5	1	0
57	21.5	1	0
57	22.5	1	0
57	23.5	1	0
58	0.5	1	0
58	1.5	1	0
58	2.5	1	0
58	3.5	1	0
58	4.5	1	0
58	5.5	1	0
58	6.5	1	0
58	7.5	1	0
58	8.5	1	0
58	9.5	1	0
58	10.5	1	0
58	11.5	1	0
58	12.5	1	0
58	13.5	1	0
58	14.5	1	0
58	15.5	1	0
58	16.5	1	0
58	17.5	1	0
58	18.5	1	0
58	19.5	1	0
58	20.5	1	0
58	21.5	1	0
58	22.5	1	0
58	23.5	1	0
59	0.5	1	0
59	1.5	1	0
59	2.5	1	0
59	3.5	1	0
59	4.5	1	0
59	5.5	1	0
59	6.5	1	0
59	7.5	1	0
59	8.5	1	0
59	9.5	1	0
59	10.5	1	0
59	11.5	1	0
59	12.5	1	0
59	13.5	1	0
59	14.5	1	0
59	15.5	1	0
59	16.5	1	0
59	17.5	1	0
59	18.5	1	0
59	19.5	1	0
59	20.5	1	0
59	21.5	1	0
59	22.5	1	0
59	23.5	1	0
60	0.5	1	0
60	1.5	1	0
60	2.5	1	0
60	3.5	1	0
60	4.5	1	0
60	5.5	1	0
60	6.5	1	0
60	7.5	1	0
60	8.5	1	0
60	9.5	1	0
60	10.5	1	0
60	11.5	1	0
60	12.5	1	0
60	13.5	1	0
60	14.5	1	0
60	15.5	1	0
60	16.5	1	0
60	17.5	1	0
60	18.5	1	0
60	19.5	1	0
60	20.5	1	0
60	21.5	1	0
60	22.5	1	0
60	23.5	1	0
61	0.5	1	0
61	1.5	1	0
61	2.5	1	0
61	3.5	1	0
61	4.5	1	0
61	5.5	1	0
61	6.5	1	0
61	7.5	1	0
61	8.5	1	0
61	9.5	1	0
61	10.5	1	0
61	11.5	1	0
61	12.5	1	0
61	13.5	1	0
61	14.5	1	0
61	15.5	1	0
61	16.5	1	0
61	17.5	1	0
61	18.5	1	0
61	19.5	1	0
61	20.5	1	0
61	21.5	1	0
61	22.5	1	0
61	23.5	1	0
62	0.5	1	0
62	1.5	1	0
62	2.5	1	0
62	3.5	1	0
62	4.5	1	0
62	5.5	1	0
62	6.5	1	0
62	7.5	1	0
62	8.5	1	0
62	9.5	1	0
62	10.5	1	0
62	11.5	1	0
62	12.5	1	0
62	13.5	1	0
62	14.5	1	0
62	15.5	1	0
62	16.5	1	0
62	17.5	1	0
62	18.5	1	0
62	19.5	1	0
62	20.5	1	0
62	21.5	1	0
62	22.5	1	0
62	23.5	1	0
63	0.5	1	0
63	1.5	1	0
63	2.5	1	0
63	3.5	1	0
63	4.5	1	0
63	5.5	1	0
63	6.5	1	0
63	7.5	1	0
63	8.5	1	0
63	9.5	1	0
63	10.5	1	0
63	11.5	1	0
63	12.5	1	0
63	13.5	1	0
63	14.5	1	0
63	15.5	1	0
63	16.5	1	0
63	17.5	1	0
63	18.5	1	0
63	19.5	1	0
63	20.5	1	0
63	21.5	1	0
63	22.5	1	0
63	23.5	1	0
64	0.5	1	0
64	1.5	1	0
64	2.5	1	0
64	3.5	1	0
64	4.5	1	0
64	5.5	1	0
64	6.5	1	0
64	7.5	1	0
64	8.5	1	0
64	9.5	1	0
64	10.5	1	0
64	11.5	1	0
64	12.5	1	0
64	13.5	1	0
64	14.5	1	0
64	15.5	1	0
64	16.5	1	0
64	17.5	1	0
64	18.5	1	0
64	19.5	1	0
64	20.5	1	0
64	21.5	1	0
64	22.5	1	0
64	23.5	1	0
65	0.5	1	0
65	1.5	1	0
65	2.5	1	0
65	3.5	1	0
65	4.5	1	0
65	5.5	1	0
65	6.5	1	0
65	7.5	1	0
65	8.5	1	0
65	9.5	1	0
65	10.5	1	0
65	11.5	1	0
65	12.5	1	0
65	13.5	1	0
65	14.5	1	0
65	15.5	1	0
65	16.5	1	0
65	17.5	1	0
65	18.5	1	0
65	19.5	1	0
65	20.5	1	0
65	21.5	1	0
65	22.5	1	0
65	23.5	1	0
66	0.5	1	0
66	1.5	1	0
66	2.5	1	0
66	3.5	1	0
66	4.5	1	0
66	5.5	1	0
66	6.5	1	0
66	7.5	1	0
66	8.5	1	0
66	9.5	1	0
66	10.5	1	0
66	11.5	1	0
66	12.5	1	0
66	13.5	1	0
66	14.5	1	0
66	15.5	1	0
66	16.5	1	0
66	17.5	1	0
66	18.5	1	0
66	19.5	1	0
66	20.5	1	0
66	21.5	1	0
66	22.5	1	0
66	23.5	1	0
67	0.5	1	0
67	1.5	1	0
67	2.5	1	0
67	3.5	1	0
67	4.5	1	0
67	5.5	1	0
67	6.5	1	0
67	7.5	1	0
67	8.5	1	0
67	9.5	1	0
67	10.5	1	0
67	11.5	1	0
67	12.5	1	0
67	13.5	1	0
67	14.5	1	0
67	15.5	1	0
67	16.5	1	0
67	17.5	1	0
67	18.5	1	0
67	19.5	1	0
67	20.5	1	0
67	21.5	1	0
67	22.5	1	0
67	23.5	1	0
68	0.5	1	0
68	1.5	1	0
68	2.5	1	0
68	3.5	1	0
68	4.5	1	0
68	5.5	1	0
68	6.5	1	0
68	7.5	1	0
68	8.5	1	0
68	9.5	1	0
68	10.5	1	0
68	11.5	1	0
68	12.5	1	0
68	13.5	1	0
68	14.5	1	0
68	15.5	1	0
68	16.5	1	0
68	17.5	1	0
68	18.5	1	0
68	19.5	1	0
68	20.5	1	0
68	21.5	1	0
68	22.5	1	0
68	23.5	1	0
69	0.5	1	0
69	1.5	1	0
69	2.5	1	0
69	3.5	1	0
69	4.5	1	0
69	5.5	1	0
69	6.5	1	0
69	7.5	1	0
69	8.5	1	0
69	9.5	1	0
69	10.5	1	0
69	11.5	1	0
69	12.5	1	0
69	13.5	1	0
69	14.5	1	0
69	15.5	1	0
69	16.5	1	0
69	17.5	1	0
69	18.5	1	0
69	19.5	1	0
69	20.5	1	0
69	21.5	1	0
69	22.5	1	0
69	23.5	1	0
70	0.5	1	0
70	1.5	1	0
70	2.5	1	0
70	3.5	1	0
70	4.5	1	0
70	5.5	1	0
70	6.5	1	0
70	7.5	1	0
70	8.5	1	0
70	9.5	1	0
70	10.5	1	0
70	11.5	1	0
70	12.5	1	0
70	13.5	1	0
70	14.5	1	0
70	15.5	1	0
70	16.5	1	0
70	17.5	1	0
70	18.5	1	0
70	19.5	1	0
70	20.5	1	0
70	21.5	1	0
70	22.5	1	0
70	23.5	1	0
71	0.5	1	0
71	1.5	1	0
71	2.5	1	0
71	3.5	1	0
71	4.5	1	0
71	5.5	1	0
71	6.5	1	0
71	7.5	1	0
71	8.5	1	0
71	9.5	1	0
71	10.5	1	0
71	11.5	1	0
71	12.5	1	0
71	13.5	1	0
71	14.5	1	0
71	15.5	1	0
71	16.5	1	0
71	17.5	1	0
71	18.5	1	0
71	19.5	1	0
71	20.5	1	0
71	21.5	1	0
71	22.5	1	0
71	23.5	1	0
72	0.5	1	0
72	1.5	1	0
72	2.5	1	0
72	3.5	1	0
72	4.5	1	0
72	5.5	1	0
72	6.5	1	0
72	7.5	1	0
72	8.5	1	0
72	9.5	1	0
72	10.5	1	0
72	11.5	1	0
72	12.5	1	0
72	13.5	1	0
72	14.5	1	0
72	15.5	1	0
72	16.5	1	0
72	17.5	1	0
72	18.5	1	0
72	19.5	1	0
72	20.5	1	0
72	21.5	1	0
72	22.5	1	0
72	23.5	1	0
73	0.5	1	0
73	1.5	1	0
73	2.5	1	0
73	3.5	1	0
73	4.5	1	0
73	5.5	1	0
73	6.5	1	0
73	7.5	1	0
73	8.5	1	0
73	9.5	1	0
73	10.5	1	0
73	11.5	1	0
73	12.5	1	0
73	13.5	1	0
73	14.5	1	0
73	15.5	1	0
73	16.5	1	0
73	17.5	1	0
73	18.5	1	0
73	19.5	1	0
73	20.5	1	0
73	21.5	1	0
73	22.5	1	0
73	23.5	1	0
74	0.5	1	0
74	1.5	1	0
74	2.5	1	0
74	3.5	1	0
74	4.5	1	0
74	5.5	1	0
74	6.5	1	0
74	7.5	1	0
74	8.5	1	0
74	9.5	1	0
74	10.5	1	0
74	11.5	1	0
74	12.5	1	0
74	13.5	1	0
74	14.5	1	0
74	15.5	1	0
74	16.5	1	0
74	17.5	1	0
74	18.5	1	0
74	19.5	1	0
74	20.5	1	0
74	21.5	1	0
74	22.5	1	0
74	23.5	1	0
75	0.5	1	0
75	1.5	1	0
75	2.5	1	0
75	3.5	1	0
75	4.5	1	0
75	5.5	1	0
75	6.5	1	0
75	7.5	1	0
75	8.5	1	0
75	9.5	1	0
75	10.5	1	0
75	11.5	1	0
75	12.5	1	0
75	13.5	1	0
75	14.5	1	0
75	15.5	1	0
75	16.5	1	0
75	17.5	1	0
75	18.5	1	0
75	19.5	1	0
75	20.5	1	0
75	21.5	1	0
75	22.5	1	0
75	23.5	1	0
76	0.5	1	0
76	1.5	1	0
76	2.5	1	0
76	3.5	1	0
76	4.5	1	0
76	5.5	1	0
76	6.5	1	0
76	7.5	1	0
76	8.5	1	0
76	9.5	1	0
76	10.5	1	0
76	11.5	1	0
76	12.5	1	0
76	13.5	1	0
76	14.5	1	0
76	15.5	1	0
76	16.5	1	0
76	17.5	1	0
76	18.5	1	0
76	19.5	1	0
76	20.5	1	0
76	21.5	1	0
76	22.5	1	0
76	23.5	1	0
77	0.5	1	0
77	1.5	1	0
77	2.5	1	0
77	3.5	1	0
77	4.5	1	0
77	5.5	1	0
77	6.5	1	0
77	7.5	1	0
77	8.5	1	0
77	9.5	1	0
77	10.5	1	0
77	11.5	1	0
77	12.5	1	0
77	13.5	1	0
77	14.5	1	0
77	15.5	1	0
77	16.5	1	0
77	17.5	1	0
77	18.5	1	0
77	19.5	1	0
77	20.5	1	0
77	21.5	1	0
77	22.5	1	0
77	23.5	1	0
78	0.5	1	0
78	1.5	1	0
78	2.5	1	0
78	3.5	1	0
78	4.5	1	0
78	5.5	1	0
78	6.5	1	0
78	7.5	1	0
78	8.5	1	0
78	9.5	1	0
78	10.5	1	0
78	11.5	1	0
78	12.5	1	0
78	13.5	1	0
78	14.5	1	0
78	15.5	1	0
78	16.5	1	0
78	17.5	1	0
78	18.5	1	0
78	19.5	1	0
78	20.5	1	0
78	21.5	1	0
78	22.5	1	0
78	23.5	1	0
79	0.5	1	0
79	1.5	1	0
79	2.5	1	0
79	3.5	1	0
79	4.5	1	0
79	5.5	1	0
79	6.5	1	0
79	7.5	1	0
79	8.5	1	0
79	9.5	1	0
79	10.5	1	0
79	11.5	1	0
79	12.5	1	0
79	13.5	1	0
79	14.5	1	0
79	15.5	1	0
79	16.5	1	0
79	17.5	1	0
79	18.5	1	0
79	19.5	1	0
79	20.5	1	0
79	21.5	1	0
79	22.5	1	0
79	23.5	1	0
80	0.5	1	0
80	1.5	1	0
80	2.5	1	0
80	3.5	1	0
80	4.5	1	0
80	5.5	1	0
80	6.5	1	0
80	7.5	1	0
80	8.5	1	0
80	9.5	1	0
80	10.5	1	0
80	11.5	1	0
80	12.5	1	0
80	13.5	1	0
80	14.5	1	0
80	15.5	1	0
80	16.5	1	0
80	17.5	1	0
80	18.5	1	0
80	19.5	1	0
80	20.5	1	0
80	21.5	1	0
80	22.5	1	0
80	23.5	1	0
81	0.5	1	0
81	1.5	1	0
81	2.5	1	0
81	3.5	1	0
81	4.5	1	0
81	5.5	1	0
81	6.5	1	0
81	7.5	1	0
81	8.5	1	0
81	9.5	1	0
81	10.5	1	0
81	11.5	1	0
81	12.5	1	0
81	13.5	1	0
81	14.5	1	0
81	15.5	1	0
81	16.5	1	0
81	17.5	1	0
81	18.5	1	0
81	19.5	1	0
81	20.5	1	0
81	21.5	1	0
81	22.5	1	0
81	23.5	1	0
82	0.5	1	0
82	1.5	1	0
82	2.5	1	0
82	3.5	1	0
82	4.5	1	0
82	5.5	1	0
82	6.5	1	0
82	7.5	1	0
82	8.5	1	0
82	9.5	1	0
82	10.5	1	0
82	11.5	1	0
82	12.5	1	0
82	13.5	1	0
82	14.5	1	0
82	15.5	1	0
82	16.5	1	0
82	17.5	1	0
82	18.5	1	0
82	19.5	1	0
82	20.5	1	0
82	21.5	1	0
82	22.5	1	0
82	23.5	1	0
83	0.5	1	0
83	1.5	1	0
83	2.5	1	0
83	3.5	1	0
83	4.5	1	0
83	5.5	1	0
83	6.5	1	0
83	7.5	1	0
83	8.5	1	0
83	9.5	1	0
83	10.5	1	0
83	11.5	1	0
83	12.5	1	0
83	13.5	1	0
83	14.5	1	0
83	15.5	1	0
83	16.5	1	0
83	17.5	1	0
83	18.5	1	0
83	19.5	1	0
83	20.5	1	0
83	21.5	1	0
83	22.5	1	0
83	23.5	1	0
84	0.5	1	0
84	1.5	1	0
84	2.5	1	0
84	3.5	1	0
84	4.5	1	0
84	5.5	1	0
84	6.5	1	0
84	7.5	1	0
84	8.5	1	0
84	9.5	1	0
84	10.5	1	0
84	11.5	1	0
84	12.5	1	0
84	13.5	1	0
84	14.5	1	0
84	15.5	1	0
84	16.5	1	0
84	17.5	1	0
84	18.5	1	0
84	19.5	1	0
84	20.5	1	0
84	21.5	1	0
84	22.5	1	0
84	23.5	1	0
85	0.5	1	0
85	1.5	1	0
85	2.5	1	0
85	3.5	1	0
85	4.5	1	0
85	5.5	1	0
85	6.5	1	0
85	7.5	1	0
85	8.5	1	0
85	9.5	1	0
85	10.5	1	0
85	11.5	1	0
85	12.5	1	0
85	13.5	1	0
85	14.5	1	0
85	15.5	1	0
85	16.5	1	0
85	17.5	1	0
85	18.5	1	0
85	19.5	1	0
85	20.5	1	0
85	21.5	1	0
85	22.5	1	0
85	23.5	1	0
86	0.5	1	0
86	1.5	1	0
86	2.5	1	0
86	3.5	1	0
86	4.5	1	0
86	5.5	1	0
86	6.5	1	0
86	7.5	1	0
86	8.5	1	0
86	9.5	1	0
86	10.5	1	0
86	11.5	1	0
86	12.5	1	0
86	13.5	1	0
86	14.5	1	0
86	15.5	1	0
86	16.5	1	0
86	17.5	1	0
86	18.5	1	0
86	19.5	1	0
86	20.5	1	0
86	21.5	1	0
86	22.5	1	0
86	23.5	1	0
87	0.5	1	0
87	1.5	1	0
87	2.5	1	0
87	3.5	1	0
87	4.5	1	0
87	5.5	1	0
87	6.5	1	0
87	7.5	1	0
87	8.5	1	0
87	9.5	1	0
87	10.5	1	0
87	11.5	1	0
87	12.5	1	0
87	13.5	1	0
87	14.5	1	0
87	15.5	1	0
87	16.5	1	0
87	17.5	1	0
87	18.5	1	0
87	19.5	1	0
87	20.5	1	0
87	21.5	1	0
87	22.5	1	0
87	23.5	1	0
88	0.5	1	0
88	1.5	1	0
88	2.5	1	0
88	3.5	1	0
88	4.5	1	0
88	5.5	1	0
88	6.5	1	0
88	7.5	1	0
88	8.5	1	0
88	9.5	1	0
88	10.5	1	0
88	11.5	1	0
88	12.5	1	0
88	13.5	1	0
88	14.5	1	0
88	15.5	1	0
88	16.5	1	0
88	17.5	1	0
88	18.5	1	0
88	19.5	1	0
88	20.5	1	0
88	21.5	1	0
88	22.5	1	0
88	23.5	1	0
89	0.5	1	0
89	1.5	1	0
89	2.5	1	0
89	3.5	1	0
89	4.5	1	0
89	5.5	1	0
89	6.5	1	0
89	7.5	1	0
89	8.5	1	0
89	9.5	1	0
89	10.5	1	0
89	11.5	1	0
89	12.5	1	0
89	13.5	1	0
89	14.5	1	0
89	15.5	1	0
89	16.5	1	0
89	17.5	1	0
89	18.5	1	0
89	19.5	1	0
89	20.5	1	0
89	21.5	1	0
89	22.5	1	0
89	23.5	1	0
90	0.5	1	0
90	1.5	1	0
90	2.5	1	0
90	3.5	1	0
90	4.5	1	0
90	5.5	1	0
90	6.5	1	0
90	7.5	1	0
90	8.5	1	0
90	9.5	1	0
90	10.5	1	0
90	11.5	1	0
90	12.5	1	0
90	13.5	1	0
90	14.5	1	0
90	15.5	1	0
90	16.5	1	0
90	17.5	1	0
90	18.5	1	0
90	19.5	1	0
90	20.5	1	0
90	21.5	1	0
90	22.5	1	0
90	23.5	1	0
91	0.5	1	0
91	1.5	1	0
91	2.5	1	0
91	3.5	1	0
91	4.5	1	0
91	5.5	1	0
91	6.5	1	0
91	7.5	1	0
91	8.5	1	0
91	9.5	1	0
91	10.5	1	0
91	11.5	1	0
91	12.5	1	0
91	13.5	1	0
91	14.5	1	0
91	15.5	1	0
91	16.5	1	0.01
91	17.5	1	0.01
91	18.5	1	0.01
91	19.5	1	0.01
91	20.5	1	0.01
91	21.5	1	0.01
91	22.5	1	0.01
91	23.5	1	0.02
92	0.5	1	0.02
92	1.5	1	0.02
92	2.5	1	0.02
92	3.5	1	0.02
92	4.5	1	0.02
92	5.5	1	0.02
92	6.5	1	0.02
92	7.5	1	0.03
92	8.5	1	0.03
92	9.5	1	0.03
92	10.5	1	0.03
92	11.5	1	0.03
92	12.5	1	0.03
92	13.5	1	0.03
92	14.5	1	0.04
92	15.5	1	0.04
92	16.5	1	0.04
92	17.5	1	0.04
92	18.5	1	0.04
92	19.5	1	0.04
92	20.5	1	0.04
92	21.5	1	0.04
92	22.5	1	0.05
92	23.5	1	0.05
93	0.5	1	0.05
93	1.5	1	0.05
93	2.5	1	0.05
93	3.5	1	0.05
93	4.5	1	0.05
93	5.5	1	0.06
93	6.5	1	0.06
93	7.5	1	0.06
93	8.5	1	0.06
93	9.5	1	0.06
93	10.5	1	0.06
93	11.5	1	0.06
93	12.5	1	0.07
93	13.5	1	0.07
93	14.5	1	0.07
93	15.5	1	0.07
93	16.5	1	0.07
93	17.5	1	0.07
93	18.5	1	0.07
93	19.5	1	0.07
93	20.5	1	0.08
93	21.5	1	0.08
93	22.5	1	0.08
93	23.5	1	0.08
94	0.5	1	0.08
94	1.5	1	0.08
94	2.5	1	0.08
94	3.5	1	0.09
94	4.5	1	0.09
94	5.5	1	0.09
94	6.5	1	0.09
94	7.5	1	0.09
94	8.5	1	0.09
94	9.5	1	0.09
94	10.5	1	0.09
94	11.5	1	0.1
94	12.5	1	0.1
94	13.5	1	0.1
94	14.5	1	0.1
94	15.5	1	0.1
94	16.5	1	0.1
94	17.5	1	0.1
94	18.5	1	0.11
94	19.5	1	0.11
94	20.5	1	0.11
94	21.5	1	0.11
94	22.5	1	0.11
94	23.5	1	0.11
95	0.5	1	0.11
95	1.5	1	0.11
95	2.5	1	0.12
95	3.5	1	0.12
95	4.5	1	0.12
95	5.5	1	0.12
95	6.5	1	0.12
95	7.5	1	0.12
95	8.5	1	0.12
95	9.5	1	0.13
95	10.5	1	0.13
95	11.5	1	0.13
95	12.5	1	0.13
95	13.5	1	0.13
95	14.5	1	0.13
95	15.5	1	0.13
95	16.5	1	0.13
95	17.5	1	0.14
95	18.5	1	0.14
95	19.5	1	0.14
95	20.5	1	0.14
95	21.5	1	0.14
95	22.5	1	0.14
95	23.5	1	0.14
96	0.5	1	0.15
96	1.5	1	0.15
96	2.5	1	0.15
96	3.5	1	0.15
96	4.5	1	0.15
96	5.5	1	0.15
96	6.5	1	0.15
96	7.5	1	0.15
96	8.5	1	0.16
96	9.5	1	0.16
96	10.5	1	0.16
96	11.5	1	0.16
96	12.5	1	0.16
96	13.5	1	0.16
96	14.5	1	0.16
96	15.5	1	0.17
96	16.5	1	0.17
96	17.5	1	0.17
96	18.5	1	0.17
96	19.5	1	0.17
96	20.5	1	0.17
96	21.5	1	0.17
96	22.5	1	0.18
96	23.5	1	0.18
97	0.5	1	0.18
97	1.5	1	0.18
97	2.5	1	0.18
97	3.5	1	0.18
97	4.5	1	0.18
97	5.5	1	0.18
97	6.5	1	0.19
97	7.5	1	0.19
97	8.5	1	0.19
97	9.5	1	0.19
97	10.5	1	0.19
97	11.5	1	0.19
97	12.5	1	0.19
97	13.5	1	0.2
97	14.5	1	0.2
97	15.5	1	0.2
97	16.5	1	0.2
97	17.5	1	0.2
97	18.5	1	0.2
97	19.5	1	0.2
97	20.5	1	0.2
97	21.5	1	0.21
97	22.5	1	0.21
97	23.5	1	0.21
98	0.5	1	0.21
98	1.5	1	0.21
98	2.5	1	0.21
98	3.5	1	0.21
98	4.5	1	0.22
98	5.5	1	0.22
98	6.5	1	0.22
98	7.5	1	0.22
98	8.5	1	0.22
98	9.5	1	0.22
98	10.5	1	0.22
98	11.5	1	0.22
98	12.5	1	0.23
98	13.5	1	0.23
98	14.5	1	0.23
98	15.5	1	0.23
98	16.5	1	0.23
98	17.5	1	0.23
98	18.5	1	0.23
98	19.5	1	0.24
98	20.5	1	0.24
98	21.5	1	0.24
98	22.5	1	0.24
98	23.5	1	0.24
99	0.5	1	0.24
99	1.5	1	0.24
99	2.5	1	0.24
99	3.5	1	0.25
99	4.5	1	0.25
99	5.5	1	0.25
99	6.5	1	0.25
99	7.5	1	0.25
99	8.5	1	0.25
99	9.5	1	0.25
99	10.5	1	0.26
99	11.5	1	0.26
99	12.5	1	0.26
99	13.5	1	0.26
99	14.5	1	0.26
99	15.5	1	0.26
99	16.5	1	0.26
99	17.5	1	0.26
99	18.5	1	0.27
99	19.5	1	0.27
99	20.5	1	0.27
99	21.5	1	0.27
99	22.5	1	0.27
99	23.5	1	0.27
100	0.5	1	0.27
100	1.5	1	0.28
100	2.5	1	0.28
100	3.5	1	0.28
100	4.5	1	0.28
100	5.5	1	0.28
100	6.5	1	0.28
100	7.5	1	0.28
100	8.5	1	0.28
100	9.5	1	0.29
100	10.5	1	0.29
100	11.5	1	0.29
100	12.5	1	0.29
100	13.5	1	0.29
100	14.5	1	0.29
100	15.5	1	0.29
100	16.5	1	0.3
100	17.5	1	0.3
100	18.5	1	0.3
100	19.5	1	0.3
100	20.5	1	0.3
100	21.5	1	0.3
100	22.5	1	0.3
100	23.5	1	0.31
101	0.5	1	0.31
101	1.5	1	0.31
101	2.5	1	0.31
101	3.5	1	0.31
101	4.5	1	0.31
101	5.5	1	0.31
101	6.5	1	0.31
101	7.5	1	0.32
101	8.5	1	0.32
101	9.5	1	0.32
101	10.5	1	0.32
101	11.5	1	0.32
101	12.5	1	0.32
101	13.5	1	0.32
101	14.5	1	0.33
101	15.5	1	0.33
101	16.5	1	0.33
101	17.5	1	0.33
101	18.5	1	0.33
101	19.5	1	0.33
101	20.5	1	0.33
101	21.5	1	0.33
101	22.5	1	0.34
101	23.5	1	0.34
102	0.5	1	0.34
102	1.5	1	0.34
102	2.5	1	0.34
102	3.5	1	0.34
102	4.5	1	0.34
102	5.5	1	0.35
102	6.5	1	0.35
102	7.5	1	0.35
102	8.5	1	0.35
102	9.5	1	0.35
102	10.5	1	0.35
102	11.5	1	0.35
102	12.5	1	0.35
102	13.5	1	0.36
102	14.5	1	0.36
102	15.5	1	0.36
102	16.5	1	0.36
102	17.5	1	0.36
102	18.5	1	0.36
102	19.5	1	0.36
102	20.5	1	0.37
102	21.5	1	0.37
102	22.5	1	0.37
102	23.5	1	0.37
103	0.5	1	0.37
103	1.5	1	0.37
103	2.5	1	0.37
103	3.5	1	0.37
103	4.5	1	0.38
103	5.5	1	0.38
103	6.5	1	0.38
103	7.5	1	0.38
103	8.5	1	0.38
103	9.5	1	0.38
103	10.5	1	0.38
103	11.5	1	0.39
103	12.5	1	0.39
103	13.5	1	0.39
103	14.5	1	0.39
103	15.5	1	0.39
103	16.5	1	0.39
103	17.5	1	0.39
103	18.5	1	0.39
103	19.5	1	0.4
103	20.5	1	0.4
103	21.5	1	0.4
103	22.5	1	0.4
103	23.5	1	0.4
104	0.5	1	0.4
104	1.5	1	0.4
104	2.5	1	0.41
104	3.5	1	0.41
104	4.5	1	0.41
104	5.5	1	0.41
104	6.5	1	0.41
104	7.5	1	0.41
104	8.5	1	0.41
104	9.5	1	0.42
104	10.5	1	0.42
104	11.5	1	0.42
104	12.5	1	0.42
104	13.5	1	0.42
104	14.5	1	0.42
104	15.5	1	0.42
104	16.5	1	0.42
104	17.5	1	0.43
104	18.5	1	0.43
104	19.5	1	0.43
104	20.5	1	0.43
104	21.5	1	0.43
104	22.5	1	0.43
104	23.5	1	0.43
105	0.5	1	0.44
105	1.5	1	0.44
105	2.5	1	0.44
105	3.5	1	0.44
105	4.5	1	0.44
105	5.5	1	0.44
105	6.5	1	0.44
105	7.5	1	0.44
105	8.5	1	0.45
105	9.5	1	0.45
105	10.5	1	0.45
105	11.5	1	0.45
105	12.5	1	0.45
105	13.5	1	0.45
105	14.5	1	0.45
105	15.5	1	0.46
105	16.5	1	0.46
105	17.5	1	0.46
105	18.5	1	0.46
105	19.5	1	0.46
105	20.5	1	0.46
105	21.5	1	0.46
105	22.5	1	0.46
105	23.5	1	0.47
106	0.5	1	0.47
106	1.5	1	0.47
106	2.5	1	0.47
106	3.5	1	0.47
106	4.5	1	0.47
106	5.5	1	0.47
106	6.5	1	0.48
106	7.5	1	0.48
106	8.5	1	0.48
106	9.5	1	0.48
106	10.5	1	0.48
106	11.5	1	0.48
106	12.5	1	0.48
106	13.5	1	0.48
106	14.5	1	0.49
106	15.5	1	0.49
106	16.5	1	0.49
106	17.5	1	0.49
106	18.5	1	0.49
106	19.5	1	0.49
106	20.5	1	0.49
106	21.5	1	0.5
106	22.5	1	0.5
106	23.5	1	0.5
107	0.5	1	0.5
107	1.5	1	0.5
107	2.5	1	0.5
107	3.5	1	0.5
107	4.5	1	0.5
107	5.5	1	0.51
107	6.5	1	0.51
107	7.5	1	0.51
107	8.5	1	0.51
107	9.5	1	0.51
107	10.5	1	0.51
107	11.5	1	0.51
107	12.5	1	0.52
107	13.5	1	0.52
107	14.5	1	0.52
107	15.5	1	0.52
107	16.5	1	0.52
107	17.5	1	0.52
107	18.5	1	0.52
107	19.5	1	0.53
107	20.5	1	0.53
107	21.5	1	0.53
107	22.5	1	0.53
107	23.5	1	0.53
108	0.5	1	0.53
108	1.5	1	0.53
108	2.5	1	0.53
108	3.5	1	0.54
108	4.5	1	0.54
108	5.5	1	0.54
108	6.5	1	0.54
108	7.5	1	0.54
108	8.5	1	0.54
108	9.5	1	0.54
108	10.5	1	0.55
108	11.5	1	0.55
108	12.5	1	0.55
108	13.5	1	0.55
108	14.5	1	0.55
108	15.5	1	0.55
108	16.5	1	0.55
108	17.5	1	0.55
108	18.5	1	0.56
108	19.5	1	0.56
108	20.5	1	0.56
108	21.5	1	0.56
108	22.5	1	0.56
108	23.5	1	0.56
109	0.5	1	0.56
109	1.5	1	0.57
109	2.5	1	0.57
109	3.5	1	0.57
109	4.5	1	0.57
109	5.5	1	0.57
109	6.5	1	0.57
109	7.5	1	0.57
109	8.5	1	0.57
109	9.5	1	0.58
109	10.5	1	0.58
109	11.5	1	0.58
109	12.5	1	0.58
109	13.5	1	0.58
109	14.5	1	0.58
109	15.5	1	0.58
109	16.5	1	0.59
109	17.5	1	0.59
109	18.5	1	0.59
109	19.5	1	0.59
109	20.5	1	0.59
109	21.5	1	0.59
109	22.5	1	0.59
109	23.5	1	0.59
110	0.5	1	0.6
110	1.5	1	0.6
110	2.5	1	0.6
110	3.5	1	0.6
110	4.5	1	0.6
110	5.5	1	0.6
110	6.5	1	0.6
110	7.5	1	0.61
110	8.5	1	0.61
110	9.5	1	0.61
110	10.5	1	0.61
110	11.5	1	0.61
110	12.5	1	0.61
110	13.5	1	0.61
110	14.5	1	0.61
110	15.5	1	0.62
110	16.5	1	0.62
110	17.5	1	0.62
110	18.5	1	0.62
110	19.5	1	0.62
110	20.5	1	0.62
110	21.5	1	0.62
110	22.5	1	0.63
110	23.5	1	0.63
111	0.5	1	0.63
111	1.5	1	0.63
111	2.5	1	0.63
111	3.5	1	0.63
111	4.5	1	0.63
111	5.5	1	0.64
111	6.5	1	0.64
111	7.5	1	0.64
111	8.5	1	0.64
111	9.5	1	0.64
111	10.5	1	0.64
111	11.5	1	0.64
111	12.5	1	0.64
111	13.5	1	0.65
111	14.5	1	0.65
111	15.5	1	0.65
111	16.5	1	0.65
111	17.5	1	0.65
111	18.5	1	0.65
111	19.5	1	0.65
111	20.5	1	0.66
111	21.5	1	0.66
111	22.5	1	0.66
111	23.5	1	0.66
112	0.5	1	0.66
112	1.5	1	0.66
112	2.5	1	0.66
112	3.5	1	0.66
112	4.5	1	0.67
112	5.5	1	0.67
112	6.5	1	0.67
112	7.5	1	0.67
112	8.5	1	0.67
112	9.5	1	0.67
112	10.5	1	0.67
112	11.5	1	0.68
112	12.5	1	0.68
112	13.5	1	0.68
112	14.5	1	0.68
112	15.5	1	0.68
112	16.5	1	0.68
112	17.5	1	0.68
112	18.5	1	0.68
112	19.5	1	0.69
112	20.5	1	0.69
112	21.5	1	0.69
112	22.5	1	0.69
112	23.5	1	0.69
113	0.5	1	0.69
113	1.5	1	0.69
113	2.5	1	0.7
113	3.5	1	0.7
113	4.5	1	0.7
113	5.5	1	0.7
113	6.5	1	0.7
113	7.5	1	0.7
113	8.5	1	0.7
113	9.5	1	0.7
113	10.5	1	0.71
113	11.5	1	0.71
113	12.5	1	0.71
113	13.5	1	0.71
113	14.5	1	0.71
113	15.5	1	0.71
113	16.5	1	0.71
113	17.5	1	0.72
113	18.5	1	0.72
113	19.5	1	0.72
113	20.5	1	0.72
113	21.5	1	0.72
113	22.5	1	0.72
113	23.5	1	0.72
114	0.5	1	0.72
114	1.5	1	0.73
114	2.5	1	0.73
114	3.5	1	0.73
114	4.5	1	0.73
114	5.5	1	0.73
114	6.5	1	0.73
114	7.5	1	0.73
114	8.5	1	0.74
114	9.5	1	0.74
114	10.5	1	0.74
114	11.5	1	0.74
114	12.5	1	0.74
114	13.5	1	0.74
114	14.5	1	0.74
114	15.5	1	0.74
114	16.5	1	0.75
114	17.5	1	0.75
114	18.5	1	0.75
114	19.5	1	0.75
114	20.5	1	0.75
114	21.5	1	0.75
114	22.5	1	0.75
114	23.5	1	0.76
115	0.5	1	0.76
115	1.5	1	0.76
115	2.5	1	0.76
115	3.5	1	0.76
115	4.5	1	0.76
115	5.5	1	0.76
115	6.5	1	0.77
115	7.5	1	0.77
115	8.5	1	0.77
115	9.5	1	0.77
115	10.5	1	0.77
115	11.5	1	0.77
115	12.5	1	0.77
115	13.5	1	0.77
115	14.5	1	0.78
115	15.5	1	0.78
115	16.5	1	0.78
115	17.5	1	0.78
115	18.5	1	0.78
115	19.5	1	0.78
115	20.5	1	0.78
115	21.5	1	0.79
115	22.5	1	0.79
115	23.5	1	0.79
116	0.5	1	0.79
116	1.5	1	0.79
116	2.5	1	0.79
116	3.5	1	0.79
116	4.5	1	0.79
116	5.5	1	0.8
116	6.5	1	0.8
116	7.5	1	0.8
116	8.5	1	0.8
116	9.5	1	0.8
116	10.5	1	0.8
116	11.5	1	0.8
116	12.5	1	0.81
116	13.5	1	0.81
116	14.5	1	0.81
116	15.5	1	0.81
116	16.5	1	0.81
116	17.5	1	0.81
116	18.5	1	0.81
116	19.5	1	0.81
116	20.5	1	0.82
116	21.5	1	0.82
116	22.5	1	0.82
116	23.5	1	0.82
117	0.5	1	0.82
117	1.5	1	0.82
117	2.5	1	0.82
117	3.5	1	0.83
117	4.5	1	0.83
117	5.5	1	0.83
117	6.5	1	0.83
117	7.5	1	0.83
117	8.5	1	0.83
117	9.5	1	0.83
117	10.5	1	0.83
117	11.5	1	0.84
117	12.5	1	0.84
117	13.5	1	0.84
117	14.5	1	0.84
117	15.5	1	0.84
117	16.5	1	0.84
117	17.5	1	0.84
117	18.5	1	0.85
117	19.5	1	0.85
117	20.5	1	0.85
117	21.5	1	0.85
117	22.5	1	0.85
117	23.5	1	0.85
118	0.5	1	0.85
118	1.5	1	0.85
118	2.5	1	0.86
118	3.5	1	0.86
118	4.5	1	0.86
118	5.5	1	0.86
118	6.5	1	0.86
118	7.5	1	0.86
118	8.5	1	0.86
118	9.5	1	0.87
118	10.5	1	0.87
118	11.5	1	0.87
118	12.5	1	0.87
118	13.5	1	0.87
118	14.5	1	0.87
118	15.5	1	0.87
118	16.5	1	0.88
118	17.5	1	0.88
118	18.5	1	0.88
118	19.5	1	0.88
118	20.5	1	0.88
118	21.5	1	0.88
118	22.5	1	0.88
118	23.5	1	0.88
119	0.5	1	0.89
119	1.5	1	0.89
119	2.5	1	0.89
119	3.5	1	0.89
119	4.5	1	0.89
119	5.5	1	0.89
119	6.5	1	0.89
119	7.5	1	0.9
119	8.5	1	0.9
119	9.5	1	0.9
119	10.5	1	0.9
119	11.5	1	0.9
119	12.5	1	0.9
119	13.5	1	0.9
119	14.5	1	0.9
119	15.5	1	0.91
119	16.5	1	0.91
119	17.5	1	0.91
119	18.5	1	0.91
119	19.5	1	0.91
119	20.5	1	0.91
119	21.5	1	0.91
119	22.5	1	0.92
119	23.5	1	0.92
120	0.5	1	0.92
120	1.5	1	0.92
120	2.5	1	0.92
120	3.5	1	0.92
120	4.5	1	0.92
120	5.5	1	0.92
120	6.5	1	0.93
120	7.5	1	0.93
120	8.5	1	0.93
120	9.5	1	0.93
120	10.5	1	0.93
120	11.5	1	0.93
120	12.5	1	0.93
120	13.5	1	0.94
120	14.5	1	0.94
120	15.5	1	0.94
120	16.5	1	0.94
120	17.5	1	0.94
120	18.5	1	0.94
120	19.5	1	0.94
120	20.5	1	0.94
120	21.5	1	0.95
120	22.5	1	0.95
120	23.5	1	0.95
121	0.5	1	0.95
121	1.5	1	0.95
121	2.5	1	0.95
121	3.5	1	0.95
121	4.5	1	0.96
121	5.5	1	0.96
121	6.5	1	0.96
121	7.5	1	0.96
121	8.5	1	0.96
121	9.5	1	0.96
121	10.5	1	0.96
121	11.5	1	0.96
121	12.5	1	0.97
121	13.5	1	0.97
121	14.5	1	0.97
121	15.5	1	0.97
121	16.5	1	0.97
121	17.5	1	0.97
121	18.5	1	0.97
121	19.5	1	0.98
121	20.5	1	0.98
121	21.5	1	0.98
121	22.5	1	0.98
121	23.5	1	0.98
122	0.5	1	0.98
122	1.5	1	0.98
122	2.5	1	0.99
122	3.5	1	0.99
122	4.5	1	0.99
122	5.5	1	0.99
122	6.5	1	0.99
122	7.5	1	0.99
122	8.5	1	0.99
122	9.5	1	0.99
122	10.5	1	1
122	11.5	1	1
122	12.5	1	1
122	13.5	1	1
122	14.5	1	1
122	15.5	1	1
122	16.5	1	1
122	17.5	1	1.01
122	18.5	1	1.01
122	19.5	1	1.01
122	20.5	1	1.01
122	21.5	1	1.01
122	22.5	1	1.01
122	23.5	1	1.01
123	0.5	1	1.01
123	1.5	1	1.02
123	2.5	1	1.02
123	3.5	1	1.02
123	4.5	1	1.02
123	5.5	1	1.02
123	6.5	1	1.02
123	7.5	1	1.02
123	8.5	1	1.03
123	9.5	1	1.03
123	10.5	1	1.03
123	11.5	1	1.03
123	12.5	1	1.03
123	13.5	1	1.03
123	14.5	1	1.03
123	15.5	1	1.03
123	16.5	1	1.04
123	17.5	1	1.04
123	18.5	1	1.04
123	19.5	1	1.04
123	20.5	1	1.04
123	21.5	1	1.04
123	22.5	1	1.04
123	23.5	1	1.05
124	0.5	1	1.05
124	1.5	1	1.05
124	2.5	1	1.05
124	3.5	1	1.05
124	4.5	1	1.05
124	5.5	1	1.05
124	6.5	1	1.05
124	7.5	1	1.06
124	8.5	1	1.06
124	9.5	1	1.06
124	10.5	1	1.06
124	11.5	1	1.06
124	12.5	1	1.06
124	13.5	1	1.06
124	14.5	1	1.07
124	15.5	1	1.07
124	16.5	1	1.07
124	17.5	1	1.07
124	18.5	1	1.07
124	19.5	1	1.07
124	20.5	1	1.07
124	21.5	1	1.07
124	22.5	1	1.08
124	23.5	1	1.08
125	0.5	1	1.08
125	1.5	1	1.08
125	2.5	1	1.08
125	3.5	1	1.08
125	4.5	1	1.08
125	5.5	1	1.09
125	6.5	1	1.09
125	7.5	1	1.09
125	8.5	1	1.09
125	9.5	1	1.09
125	10.5	1	1.09
125	11.5	1	1.09
125	12.5	1	1.09
125	13.5	1	1.1
125	14.5	1	1.1
125	15.5	1	1.1
125	16.5	1	1.1
125	17.5	1	1.1
125	18.5	1	1.1
125	19.5	1	1.1
125	20.5	1	1.11
125	21.5	1	1.11
125	22.5	1	1.11
125	23.5	1	1.11
126	0.5	1	1.11
126	1.5	1	1.11
126	2.5	1	1.11
126	3.5	1	1.12
126	4.5	1	1.12
126	5.5	1	1.12
126	6.5	1	1.12
126	7.5	1	1.12
126	8.5	1	1.12
126	9.5	1	1.12
126	10.5	1	1.12
126	11.5	1	1.13
126	12.5	1	1.13
126	13.5	1	1.13
126	14.5	1	1.13
126	15.5	1	1.13
126	16.5	1	1.13
126	17.5	1	1.13
126	18.5	1	1.14
126	19.5	1	1.14
126	20.5	1	1.14
126	21.5	1	1.14
126	22.5	1	1.14
126	23.5	1	1.14
127	0.5	1	1.14
127	1.5	1	1.14
127	2.5	1	1.15
127	3.5	1	1.15
127	4.5	1	1.15
127	5.5	1	1.15
127	6.5	1	1.15
127	7.5	1	1.15
127	8.5	1	1.15
127	9.5	1	1.16
127	10.5	1	1.16
127	11.5	1	1.16
127	12.5	1	1.16
127	13.5	1	1.16
127	14.5	1	1.16
127	15.5	1	1.16
127	16.5	1	1.16
127	17.5	1	1.17
127	18.5	1	1.17
127	19.5	1	1.17
127	20.5	1	1.17
127	21.5	1	1.17
127	22.5	1	1.17
127	23.5	1	1.17
128	0.5	1	1.18
128	1.5	1	1.18
128	2.5	1	1.18
128	3.5	1	1.18
128	4.5	1	1.18
128	5.5	1	1.18
128	6.5	1	1.18
128	7.5	1	1.18
128	8.5	1	1.19
128	9.5	1	1.19
128	10.5	1	1.19
128	11.5	1	1.19
128	12.5	1	1.19
128	13.5	1	1.19
128	14.5	1	1.19
128	15.5	1	1.2
128	16.5	1	1.2
128	17.5	1	1.2
128	18.5	1	1.2
128	19.5	1	1.2
128	20.5	1	1.2
128	21.5	1	1.2
128	22.5	1	1.2
128	23.5	1	1.21
129	0.5	1	1.21
129	1.5	1	1.21
129	2.5	1	1.21
129	3.5	1	1.21
129	4.5	1	1.21
129	5.5	1	1.21
129	6.5	1	1.22
129	7.5	1	1.22
129	8.5	1	1.22
129	9.5	1	1.22
129	10.5	1	1.22
129	11.5	1	1.22
129	12.5	1	1.22
129	13.5	1	1.23
129	14.5	1	1.23
129	15.5	1	1.23
129	16.5	1	1.23
129	17.5	1	1.23
129	18.5	1	1.23
129	19.5	1	1.23
129	20.5	1	1.23
129	21.5	1	1.24
129	22.5	1	1.24
129	23.5	1	1.24
130	0.5	1	1.24
130	1.5	1	1.24
130	2.5	1	1.24
130	3.5	1	1.24
130	4.5	1	1.25
130	5.5	1	1.25
130	6.5	1	1.25
130	7.5	1	1.25
130	8.5	1	1.25
130	9.5	1	1.25
130	10.5	1	1.25
130	11.5	1	1.25
130	12.5	1	1.26
130	13.5	1	1.26
130	14.5	1	1.26
130	15.5	1	1.26
130	16.5	1	1.26
130	17.5	1	1.26
130	18.5	1	1.26
130	19.5	1	1.27
130	20.5	1	1.27
130	21.5	1	1.27
130	22.5	1	1.27
130	23.5	1	1.27
131	0.5	1	1.27
131	1.5	1	1.27
131	2.5	1	1.27
131	3.5	1	1.28
131	4.5	1	1.28
131	5.5	1	1.28
131	6.5	1	1.28
131	7.5	1	1.28
131	8.5	1	1.28
131	9.5	1	1.28
131	10.5	1	1.29
131	11.5	1	1.29
131	12.5	1	1.29
131	13.5	1	1.29
131	14.5	1	1.29
131	15.5	1	1.29
131	16.5	1	1.29
131	17.5	1	1.29
131	18.5	1	1.3
131	19.5	1	1.3
131	20.5	1	1.3
131	21.5	1	1.3
131	22.5	1	1.3
131	23.5	1	1.3
132	0.5	1	1.3
132	1.5	1	1.31
132	2.5	1	1.31
132	3.5	1	1.31
132	4.5	1	1.31
132	5.5	1	1.31
132	6.5	1	1.31
132	7.5	1	1.31
132	8.5	1	1.31
132	9.5	1	1.32
132	10.5	1	1.32
132	11.5	1	1.32
132	12.5	1	1.32
132	13.5	1	1.32
132	14.5	1	1.32
132	15.5	1	1.32
132	16.5	1	1.33
132	17.5	1	1.33
132	18.5	1	1.33
132	19.5	1	1.33
132	20.5	1	1.33
132	21.5	1	1.33
132	22.5	1	1.33
132	23.5	1	1.34
133	0.5	1	1.34
133	1.5	1	1.34
133	2.5	1	1.34
133	3.5	1	1.34
133	4.5	1	1.34
133	5.5	1	1.34
133	6.5	1	1.34
133	7.5	1	1.35
133	8.5	1	1.35
133	9.5	1	1.35
133	10.5	1	1.35
133	11.5	1	1.35
133	12.5	1	1.35
133	13.5	1	1.35
133	14.5	1	1.36
133	15.5	1	1.36
133	16.5	1	1.36
133	17.5	1	1.36
133	18.5	1	1.36
133	19.5	1	1.36
133	20.5	1	1.36
133	21.5	1	1.36
133	22.5	1	1.37
133	23.5	1	1.37
134	0.5	1	1.37
134	1.5	1	1.37
134	2.5	1	1.37
134	3.5	1	1.37
134	4.5	1	1.37
134	5.5	1	1.38
134	6.5	1	1.38
134	7.5	1	1.38
134	8.5	1	1.38
134	9.5	1	1.38
134	10.5	1	1.38
134	11.5	1	1.38
134	12.5	1	1.38
134	13.5	1	1.39
134	14.5	1	1.39
134	15.5	1	1.39
134	16.5	1	1.39
134	17.5	1	1.39
134	18.5	1	1.39
134	19.5	1	1.39
134	20.5	1	1.4
134	21.5	1	1.4
134	22.5	1	1.4
134	23.5	1	1.4
135	0.5	1	1.4
135	1.5	1	1.4
135	2.5	1	1.4
135	3.5	1	1.4
135	4.5	1	1.41
135	5.5	1	1.41
135	6.5	1	1.41
135	7.5	1	1.41
135	8.5	1	1.41
135	9.5	1	1.41
135	10.5	1	1.41
135	11.5	1	1.42
135	12.5	1	1.42
135	13.5	1	1.42
135	14.5	1	1.42
135	15.5	1	1.42
135	16.5	1	1.42
135	17.5	1	1.42
135	18.5	1	1.42
135	19.5	1	1.43
135	20.5	1	1.43
135	21.5	1	1.43
135	22.5	1	1.43
135	23.5	1	1.43
136	0.5	1	1.43
136	1.5	1	1.43
136	2.5	1	1.44
136	3.5	1	1.44
136	4.5	1	1.44
136	5.5	1	1.44
136	6.5	1	1.44
136	7.5	1	1.44
136	8.5	1	1.44
136	9.5	1	1.45
136	10.5	1	1.45
136	11.5	1	1.45
136	12.5	1	1.45
136	13.5	1	1.45
136	14.5	1	1.45
136	15.5	1	1.45
136	16.5	1	1.45
136	17.5	1	1.46
136	18.5	1	1.46
136	19.5	1	1.46
136	20.5	1	1.46
136	21.5	1	1.46
136	22.5	1	1.46
136	23.5	1	1.46
137	0.5	1	1.47
137	1.5	1	1.47
137	2.5	1	1.47
137	3.5	1	1.47
137	4.5	1	1.47
137	5.5	1	1.47
137	6.5	1	1.47
137	7.5	1	1.47
137	8.5	1	1.48
137	9.5	1	1.48
137	10.5	1	1.48
137	11.5	1	1.48
137	12.5	1	1.48
137	13.5	1	1.48
137	14.5	1	1.48
137	15.5	1	1.49
137	16.5	1	1.49
137	17.5	1	1.49
137	18.5	1	1.49
137	19.5	1	1.49
137	20.5	1	1.49
137	21.5	1	1.49
137	22.5	1	1.49
137	23.5	1	1.5
138	0.5	1	1.5
138	1.5	1	1.5
138	2.5	1	1.5
138	3.5	1	1.5
138	4.5	1	1.5
138	5.5	1	1.5
138	6.5	1	1.51
138	7.5	1	1.51
138	8.5	1	1.51
138	9.5	1	1.51
138	10.5	1	1.51
138	11.5	1	1.51
138	12.5	1	1.51
138	13.5	1	1.51
138	14.5	1	1.52
138	15.5	1	1.52
138	16.5	1	1.52
138	17.5	1	1.52
138	18.5	1	1.52
138	19.5	1	1.52
138	20.5	1	1.52
138	21.5	1	1.53
138	22.5	1	1.53
138	23.5	1	1.53
139	0.5	1	1.53
139	1.5	1	1.53
139	2.5	1	1.53
139	3.5	1	1.53
139	4.5	1	1.53
139	5.5	1	1.54
139	6.5	1	1.54
139	7.5	1	1.54
139	8.5	1	1.54
139	9.5	1	1.54
139	10.5	1	1.54
139	11.5	1	1.54
139	12.5	1	1.55
139	13.5	1	1.55
139	14.5	1	1.55
139	15.5	1	1.55
139	16.5	1	1.55
139	17.5	1	1.55
139	18.5	1	1.55
139	19.5	1	1.55
139	20.5	1	1.56
139	21.5	1	1.56
139	22.5	1	1.56
139	23.5	1	1.56
140	0.5	1	1.56
140	1.5	1	1.56
140	2.5	1	1.56
140	3.5	1	1.57
140	4.5	1	1.57
140	5.5	1	1.57
140	6.5	1	1.57
140	7.5	1	1.57
140	8.5	1	1.57
140	9.5	1	1.57
140	10.5	1	1.58
140	11.5	1	1.58
140	12.5	1	1.58
140	13.5	1	1.58
140	14.5	1	1.58
140	15.5	1	1.58
140	16.5	1	1.58
140	17.5	1	1.58
140	18.5	1	1.59
140	19.5	1	1.59
140	20.5	1	1.59
140	21.5	1	1.59
140	22.5	1	1.59
140	23.5	1	1.59
141	0.5	1	1.59
141	1.5	1	1.6
141	2.5	1	1.6
141	3.5	1	1.6
141	4.5	1	1.6
141	5.5	1	1.6
141	6.5	1	1.6
141	7.5	1	1.6
141	8.5	1	1.6
141	9.5	1	1.61
141	10.5	1	1.61
141	11.5	1	1.61
141	12.5	1	1.61
141	13.5	1	1.61
141	14.5	1	1.61
141	15.5	1	1.61
141	16.5	1	1.62
141	17.5	1	1.62
141	18.5	1	1.62
141	19.5	1	1.62
141	20.5	1	1.62
141	21.5	1	1.62
141	22.5	1	1.62
141	23.5	1	1.62
142	0.5	1	1.63
142	1.5	1	1.63
142	2.5	1	1.63
142	3.5	1	1.63
142	4.5	1	1.63
142	5.5	1	1.63
142	6.5	1	1.63
142	7.5	1	1.64
142	8.5	1	1.64
142	9.5	1	1.64
142	10.5	1	1.64
142	11.5	1	1.64
142	12.5	1	1.64
142	13.5	1	1.64
142	14.5	1	1.64
142	15.5	1	1.65
142	16.5	1	1.65
142	17.5	1	1.65
142	18.5	1	1.65
142	19.5	1	1.65
142	20.5	1	1.65
142	21.5	1	1.65
142	22.5	1	1.66
142	23.5	1	1.66
143	0.5	1	1.66
143	1.5	1	1.66
143	2.5	1	1.66
143	3.5	1	1.66
143	4.5	1	1.66
143	5.5	1	1.66
143	6.5	1	1.67
143	7.5	1	1.67
143	8.5	1	1.67
143	9.5	1	1.67
143	10.5	1	1.67
143	11.5	1	1.67
143	12.5	1	1.67
143	13.5	1	1.68
143	14.5	1	1.68
143	15.5	1	1.68
143	16.5	1	1.68
143	17.5	1	1.68
143	18.5	1	1.68
143	19.5	1	1.68
143	20.5	1	1.69
143	21.5	1	1.69
143	22.5	1	1.69
143	23.5	1	1.69
144	0.5	1	1.69
144	1.5	1	1.69
144	2.5	1	1.69
144	3.5	1	1.69
144	4.5	1	1.7
144	5.5	1	1.7
144	6.5	1	1.7
144	7.5	1	1.7
144	8.5	1	1.7
144	9.5	1	1.7
144	10.5	1	1.7
144	11.5	1	1.71
144	12.5	1	1.71
144	13.5	1	1.71
144	14.5	1	1.71
144	15.5	1	1.71
144	16.5	1	1.71
144	17.5	1	1.71
144	18.5	1	1.71
144	19.5	1	1.72
144	20.5	1	1.72
144	21.5	1	1.72
144	22.5	1	1.72
144	23.5	1	1.72
145	0.5	1	1.72
145	1.5	1	1.72
145	2.5	1	1.73
145	3.5	1	1.73
145	4.5	1	1.73
145	5.5	1	1.73
145	6.5	1	1.73
145	7.5	1	1.73
145	8.5	1	1.73
145	9.5	1	1.73
145	10.5	1	1.74
145	11.5	1	1.74
145	12.5	1	1.74
145	13.5	1	1.74
145	14.5	1	1.74
145	15.5	1	1.74
145	16.5	1	1.74
145	17.5	1	1.75
145	18.5	1	1.75
145	19.5	1	1.75
145	20.5	1	1.75
145	21.5	1	1.75
145	22.5	1	1.75
145	23.5	1	1.75
146	0.5	1	1.75
146	1.5	1	1.76
146	2.5	1	1.76
146	3.5	1	1.76
146	4.5	1	1.76
146	5.5	1	1.76
146	6.5	1	1.76
146	7.5	1	1.76
146	8.5	1	1.77
146	9.5	1	1.77
146	10.5	1	1.77
146	11.5	1	1.77
146	12.5	1	1.77
146	13.5	1	1.77
146	14.5	1	1.77
146	15.5	1	1.77
146	16.5	1	1.78
146	17.5	1	1.78
146	18.5	1	1.78
146	19.5	1	1.78
146	20.5	1	1.78
146	21.5	1	1.78
146	22.5	1	1.78
146	23.5	1	1.79
147	0.5	1	1.79
147	1.5	1	1.79
147	2.5	1	1.79
147	3.5	1	1.79
147	4.5	1	1.79
147	5.5	1	1.79
147	6.5	1	1.8
147	7.5	1	1.8
147	8.5	1	1.8
147	9.5	1	1.8
147	10.5	1	1.8
147	11.5	1	1.8
147	12.5	1	1.8
147	13.5	1	1.8
147	14.5	1	1.81
147	15.5	1	1.81
147	16.5	1	1.81
147	17.5	1	1.81
147	18.5	1	1.81
147	19.5	1	1.81
147	20.5	1	1.81
147	21.5	1	1.82
147	22.5	1	1.82
147	23.5	1	1.82
148	0.5	1	1.82
148	1.5	1	1.82
148	2.5	1	1.82
148	3.5	1	1.82
148	4.5	1	1.82
148	5.5	1	1.83
148	6.5	1	1.83
148	7.5	1	1.83
148	8.5	1	1.83
148	9.5	1	1.83
148	10.5	1	1.83
148	11.5	1	1.83
148	12.5	1	1.84
148	13.5	1	1.84
148	14.5	1	1.84
148	15.5	1	1.84
148	16.5	1	1.84
148	17.5	1	1.84
148	18.5	1	1.84
148	19.5	1	1.84
148	20.5	1	1.85
148	21.5	1	1.85
148	22.5	1	1.85
148	23.5	1	1.85
149	0.5	1	1.85
149	1.5	1	1.85
149	2.5	1	1.85
149	3.5	1	1.86
149	4.5	1	1.86
149	5.5	1	1.86
149	6.5	1	1.86
149	7.5	1	1.86
149	8.5	1	1.86
149	9.5	1	1.86
149	10.5	1	1.86
149	11.5	1	1.87
149	12.5	1	1.87
149	13.5	1	1.87
149	14.5	1	1.87
149	15.5	1	1.87
149	16.5	1	1.87
149	17.5	1	1.87
149	18.5	1	1.88
149	19.5	1	1.88
149	20.5	1	1.88
149	21.5	1	1.88
149	22.5	1	1.88
149	23.5	1	1.88
150	0.5	1	1.88
150	1.5	1	1.88
150	2.5	1	1.89
150	3.5	1	1.89
150	4.5	1	1.89
150	5.5	1	1.89
150	6.5	1	1.89
150	7.5	1	1.89
150	8.5	1	1.89
150	9.5	1	1.9
150	10.5	1	1.9
150	11.5	1	1.9
150	12.5	1	1.9
150	13.5	1	1.9
150	14.5	1	1.9
150	15.5	1	1.9
150	16.5	1	1.91
150	17.5	1	1.91
150	18.5	1	1.91
150	19.5	1	1.91
150	20.5	1	1.91
150	21.5	1	1.91
150	22.5	1	1.91
150	23.5	1	1.91
151	0.5	1	1.92
151	1.5	1	1.92
151	2.5	1	1.92
151	3.5	1	1.92
151	4.5	1	1.92
151	5.5	1	1.92
151	6.5	1	1.92
151	7.5	1	1.93
151	8.5	1	1.93
151	9.5	1	1.93
151	10.5	1	1.93
151	11.5	1	1.93
151	12.5	1	1.93
151	13.5	1	1.93
151	14.5	1	1.93
151	15.5	1	1.93
151	16.5	1	1.93
151	17.5	1	1.93
151	18.5	1	1.92
151	19.5	1	1.92
151	20.5	1	1.92
151	21.5	1	1.92
151	22.5	1	1.92
151	23.5	1	1.92
152	0.5	1	1.92
152	1.5	1	1.92
152	2.5	1	1.92
152	3.5	1	1.91
152	4.5	1	1.91
152	5.5	1	1.91
152	6.5	1	1.91
152	7.5	1	1.91
152	8.5	1	1.91
152	9.5	1	1.91
152	10.5	1	1.91
152	11.5	1	1.91
152	12.5	1	1.9
152	13.5	1	1.9
152	14.5	1	1.9
152	15.5	1	1.9
152	16.5	1	1.9
152	17.5	1	1.9
152	18.5	1	1.9
152	19.5	1	1.9
152	20.5	1	1.9
152	21.5	1	1.89
152	22.5	1	1.89
152	23.5	1	1.89
153	0.5	1	1.89
153	1.5	1	1.89
153	2.5	1	1.89
153	3.5	1	1.89
153	4.5	1	1.89
153	5.5	1	1.89
153	6.5	1	1.89
153	7.5	1	1.88
153	8.5	1	1.88
153	9.5	1	1.88
153	10.5	1	1.88
153	11.5	1	1.88
153	12.5	1	1.88
153	13.5	1	1.88
153	14.5	1	1.88
153	15.5	1	1.88
153	16.5	1	1.87
153	17.5	1	1.87
153	18.5	1	1.87
153	19.5	1	1.87
153	20.5	1	1.87
153	21.5	1	1.87
153	22.5	1	1.87
153	23.5	1	1.87
154	0.5	1	1.87
154	1.5	1	1.86
154	2.5	1	1.86
154	3.5	1	1.86
154	4.5	1	1.86
154	5.5	1	1.86
154	6.5	1	1.86
154	7.5	1	1.86
154	8.5	1	1.86
154	9.5	1	1.86
154	10.5	1	1.85
154	11.5	1	1.85
154	12.5	1	1.85
154	13.5	1	1.85
154	14.5	1	1.85
154	15.5	1	1.85
154	16.5	1	1.85
154	17.5	1	1.85
154	18.5	1	1.85
154	19.5	1	1.85
154	20.5	1	1.84
154	21.5	1	1.84
154	22.5	1	1.84
154	23.5	1	1.84
155	0.5	1	1.84
155	1.5	1	1.84
155	2.5	1	1.84
155	3.5	1	1.84
155	4.5	1	1.84
155	5.5	1	1.83
155	6.5	1	1.83
155	7.5	1	1.83
155	8.5	1	1.83
155	9.5	1	1.83
155	10.5	1	1.83
155	11.5	1	1.83
155	12.5	1	1.83
155	13.5	1	1.83
155	14.5	1	1.82
155	15.5	1	1.82
155	16.5	1	1.82
155	17.5	1	1.82
155	18.5	1	1.82
155	19.5	1	1.82
155	20.5	1	1.82
155	21.5	1	1.82
155	22.5	1	1.82
155	23.5	1	1.81
156	0.5	1	1.81
156	1.5	1	1.81
156	2.5	1	1.81
156	3.5	1	1.81
156	4.5	1	1.81
156	5.5	1	1.81
156	6.5	1	1.81
156	7.5	1	1.81
156	8.5	1	1.8
156	9.5	1	1.8
156	10.5	1	1.8
156	11.5	1	1.8
156	12.5	1	1.8
156	13.5	1	1.8
156	14.5	1	1.8
156	15.5	1	1.8
156	16.5	1	1.8
156	17.5	1	1.8
156	18.5	1	1.79
156	19.5	1	1.79
156	20.5	1	1.79
156	21.5	1	1.79
156	22.5	1	1.79
156	23.5	1	1.79
157	0.5	1	1.79
157	1.5	1	1.79
157	2.5	1	1.79
157	3.5	1	1.78
157	4.5	1	1.78
157	5.5	1	1.78
157	6.5	1	1.78
157	7.5	1	1.78
157	8.5	1	1.78
157	9.5	1	1.78
157	10.5	1	1.78
157	11.5	1	1.78
157	12.5	1	1.77
157	13.5	1	1.77
157	14.5	1	1.77
157	15.5	1	1.77
157	16.5	1	1.77
157	17.5	1	1.77
157	18.5	1	1.77
157	19.5	1	1.77
157	20.5	1	1.77
157	21.5	1	1.76
157	22.5	1	1.76
157	23.5	1	1.76
158	0.5	1	1.76
158	1.5	1	1.76
158	2.5	1	1.76
158	3.5	1	1.76
158	4.5	1	1.76
158	5.5	1	1.76
158	6.5	1	1.76
158	7.5	1	1.75
158	8.5	1	1.75
158	9.5	1	1.75
158	10.5	1	1.75
158	11.5	1	1.75
158	12.5	1	1.75
158	13.5	1	1.75
158	14.5	1	1.75
158	15.5	1	1.75
158	16.5	1	1.74
158	17.5	1	1.74
158	18.5	1	1.74
158	19.5	1	1.74
158	20.5	1	1.74
158	21.5	1	1.74
158	22.5	1	1.74
158	23.5	1	1.74
159	0.5	1	1.74
159	1.5	1	1.73
159	2.5	1	1.73
159	3.5	1	1.73
159	4.5	1	1.73
159	5.5	1	1.73
159	6.5	1	1.73
159	7.5	1	1.73
159	8.5	1	1.73
159	9.5	1	1.73
159	10.5	1	1.72
159	11.5	1	1.72
159	12.5	1	1.72
159	13.5	1	1.72
159	14.5	1	1.72
159	15.5	1	1.72
159	16.5	1	1.72
159	17.5	1	1.72
159	18.5	1	1.72
159	19.5	1	1.72
159	20.5	1	1.71
159	21.5	1	1.71
159	22.5	1	1.71
159	23.5	1	1.71
160	0.5	1	1.71
160	1.5	1	1.71
160	2.5	1	1.71
160	3.5	1	1.71
160	4.5	1	1.71
160	5.5	1	1.7
160	6.5	1	1.7
160	7.5	1	1.7
160	8.5	1	1.7
160	9.5	1	1.7
160	10.5	1	1.7
160	11.5	1	1.7
160	12.5	1	1.7
160	13.5	1	1.7
160	14.5	1	1.69
160	15.5	1	1.69
160	16.5	1	1.69
160	17.5	1	1.69
160	18.5	1	1.69
160	19.5	1	1.69
160	20.5	1	1.69
160	21.5	1	1.69
160	22.5	1	1.69
160	23.5	1	1.68
161	0.5	1	1.68
161	1.5	1	1.68
161	2.5	1	1.68
161	3.5	1	1.68
161	4.5	1	1.68
161	5.5	1	1.68
161	6.5	1	1.68
161	7.5	1	1.68
161	8.5	1	1.68
161	9.5	1	1.67
161	10.5	1	1.67
161	11.5	1	1.67
161	12.5	1	1.67
161	13.5	1	1.67
161	14.5	1	1.67
161	15.5	1	1.67
161	16.5	1	1.67
161	17.5	1	1.67
161	18.5	1	1.66
161	19.5	1	1.66
161	20.5	1	1.66
161	21.5	1	1.66
161	22.5	1	1.66
161	23.5	1	1.66
162	0.5	1	1.66
162	1.5	1	1.66
162	2.5	1	1.66
162	3.5	1	1.65
162	4.5	1	1.65
162	5.5	1	1.65
162	6.5	1	1.65
162	7.5	1	1.65
162	8.5	1	1.65
162	9.5	1	1.65
162	10.5	1	1.65
162	11.5	1	1.65
162	12.5	1	1.64
162	13.5	1	1.64
162	14.5	1	1.64
162	15.5	1	1.64
162	16.5	1	1.64
162	17.5	1	1.64
162	18.5	1	1.64
162	19.5	1	1.64
162	20.5	1	1.64
162	21.5	1	1.63
162	22.5	1	1.63
162	23.5	1	1.63
163	0.5	1	1.63
163	1.5	1	1.63
163	2.5	1	1.63
163	3.5	1	1.63
163	4.5	1	1.63
163	5.5	1	1.63
163	6.5	1	1.63
163	7.5	1	1.62
163	8.5	1	1.62
163	9.5	1	1.62
163	10.5	1	1.62
163	11.5	1	1.62
163	12.5	1	1.62
163	13.5	1	1.62
163	14.5	1	1.62
163	15.5	1	1.62
163	16.5	1	1.61
163	17.5	1	1.61
163	18.5	1	1.61
163	19.5	1	1.61
163	20.5	1	1.61
163	21.5	1	1.61
163	22.5	1	1.61
163	23.5	1	1.61
164	0.5	1	1.61
164	1.5	1	1.6
164	2.5	1	1.6
164	3.5	1	1.6
164	4.5	1	1.6
164	5.5	1	1.6
164	6.5	1	1.6
164	7.5	1	1.6
164	8.5	1	1.6
164	9.5	1	1.6
164	10.5	1	1.59
164	11.5	1	1.59
164	12.5	1	1.59
164	13.5	1	1.59
164	14.5	1	1.59
164	15.5	1	1.59
164	16.5	1	1.59
164	17.5	1	1.59
164	18.5	1	1.59
164	19.5	1	1.59
164	20.5	1	1.58
164	21.5	1	1.58
164	22.5	1	1.58
164	23.5	1	1.58
165	0.5	1	1.58
165	1.5	1	1.58
165	2.5	1	1.58
165	3.5	1	1.58
165	4.5	1	1.58
165	5.5	1	1.57
165	6.5	1	1.57
165	7.5	1	1.57
165	8.5	1	1.57
165	9.5	1	1.57
165	10.5	1	1.57
165	11.5	1	1.57
165	12.5	1	1.57
165	13.5	1	1.56
165	14.5	1	1.56
165	15.5	1	1.56
165	16.5	1	1.55
165	17.5	1	1.55
165	18.5	1	1.55
165	19.5	1	1.54
165	20.5	1	1.54
165	21.5	1	1.54
165	22.5	1	1.53
165	23.5	1	1.53
166	0.5	1	1.53
166	1.5	1	1.52
166	2.5	1	1.52
166	3.5	1	1.52
166	4.5	1	1.51
166	5.5	1	1.51
166	6.5	1	1.51
166	7.5	1	1.5
166	8.5	1	1.5
166	9.5	1	1.5
166	10.5	1	1.49
166	11.5	1	1.49
166	12.5	1	1.49
166	13.5	1	1.48
166	14.5	1	1.48
166	15.5	1	1.48
166	16.5	1	1.47
166	17.5	1	1.47
166	18.5	1	1.47
166	19.5	1	1.46
166	20.5	1	1.46
166	21.5	1	1.46
166	22.5	1	1.45
166	23.5	1	1.45
167	0.5	1	1.45
167	1.5	1	1.44
167	2.5	1	1.44
167	3.5	1	1.44
167	4.5	1	1.43
167	5.5	1	1.43
167	6.5	1	1.43
167	7.5	1	1.42
167	8.5	1	1.42
167	9.5	1	1.42
167	10.5	1	1.41
167	11.5	1	1.41
167	12.5	1	1.41
167	13.5	1	1.4
167	14.5	1	1.4
167	15.5	1	1.4
167	16.5	1	1.39
167	17.5	1	1.39
167	18.5	1	1.39
167	19.5	1	1.38
167	20.5	1	1.38
167	21.5	1	1.38
167	22.5	1	1.37
167	23.5	1	1.37
168	0.5	1	1.37
168	1.5	1	1.36
168	2.5	1	1.36
168	3.5	1	1.36
168	4.5	1	1.35
168	5.5	1	1.35
168	6.5	1	1.35
168	7.5	1	1.34
168	8.5	1	1.34
168	9.5	1	1.34
168	10.5	1	1.33
168	11.5	1	1.33
168	12.5	1	1.33
168	13.5	1	1.32
168	14.5	1	1.32
168	15.5	1	1.32
168	16.5	1	1.31
168	17.5	1	1.31
168	18.5	1	1.31
168	19.5	1	1.3
168	20.5	1	1.3
168	21.5	1	1.3
168	22.5	1	1.29
168	23.5	1	1.29
169	0.5	1	1.29
169	1.5	1	1.28
169	2.5	1	1.28
169	3.5	1	1.28
169	4.5	1	1.27
169	5.5	1	1.27
169	6.5	1	1.27
169	7.5	1	1.26
169	8.5	1	1.26
169	9.5	1	1.26
169	10.5	1	1.25
169	11.5	1	1.25
169	12.5	1	1.25
169	13.5	1	1.24
169	14.5	1	1.24
169	15.5	1	1.24
169	16.5	1	1.23
169	17.5	1	1.23
169	18.5	1	1.23
169	19.5	1	1.22
169	20.5	1	1.22
169	21.5	1	1.22
169	22.5	1	1.21
169	23.5	1	1.21
170	0.5	1	1.21
170	1.5	1	1.2
170	2.5	1	1.2
170	3.5	1	1.2
170	4.5	1	1.19
170	5.5	1	1.19
170	6.5	1	1.19
170	7.5	1	1.18
170	8.5	1	1.18
170	9.5	1	1.18
170	10.5	1	1.17
170	11.5	1	1.17
170	12.5	1	1.17
170	13.5	1	1.16
170	14.5	1	1.16
170	15.5	1	1.16
170	16.5	1	1.15
170	17.5	1	1.15
170	18.5	1	1.15
170	19.5	1	1.14
170	20.5	1	1.14
170	21.5	1	1.14
170	22.5	1	1.13
170	23.5	1	1.13
171	0.5	1	1.13
171	1.5	1	1.12
171	2.5	1	1.12
171	3.5	1	1.12
171	4.5	1	1.11
171	5.5	1	1.11
171	6.5	1	1.11
171	7.5	1	1.1
171	8.5	1	1.1
171	9.5	1	1.1
171	10.5	1	1.09
171	11.5	1	1.09
171	12.5	1	1.09
171	13.5	1	1.08
171	14.5	1	1.08
171	15.5	1	1.08
171	16.5	1	1.07
171	17.5	1	1.07
171	18.5	1	1.07
171	19.5	1	1.06
171	20.5	1	1.06
171	21.5	1	1.06
171	22.5	1	1.05
171	23.5	1	1.05
172	0.5	1	1.04
172	1.5	1	1.04
172	2.5	1	1.04
172	3.5	1	1.03
172	4.5	1	1.03
172	5.5	1	1.03
172	6.5	1	1.02
172	7.5	1	1.02
172	8.5	1	1.02
172	9.5	1	1.01
172	10.5	1	1.01
172	11.5	1	1.01
172	12.5	1	1
172	13.5	1	1
172	14.5	1	1
172	15.5	1	0.99
172	16.5	1	0.99
172	17.5	1	0.99
172	18.5	1	0.98
172	19.5	1	0.98
172	20.5	1	0.98
172	21.5	1	0.97
172	22.5	1	0.97
172	23.5	1	0.97
173	0.5	1	0.96
173	1.5	1	0.96
173	2.5	1	0.96
173	3.5	1	0.95
173	4.5	1	0.95
173	5.5	1	0.95
173	6.5	1	0.94
173	7.5	1	0.94
173	8.5	1	0.94
173	9.5	1	0.93
173	10.5	1	0.93
173	11.5	1	0.93
173	12.5	1	0.92
173	13.5	1	0.92
173	14.5	1	0.92
173	15.5	1	0.91
173	16.5	1	0.91
173	17.5	1	0.91
173	18.5	1	0.9
173	19.5	1	0.9
173	20.5	1	0.9
173	21.5	1	0.89
173	22.5	1	0.89
173	23.5	1	0.89
174	0.5	1	0.88
174	1.5	1	0.88
174	2.5	1	0.88
174	3.5	1	0.87
174	4.5	1	0.87
174	5.5	1	0.87
174	6.5	1	0.86
174	7.5	1	0.86
174	8.5	1	0.86
174	9.5	1	0.85
174	10.5	1	0.85
174	11.5	1	0.85
174	12.5	1	0.84
174	13.5	1	0.84
174	14.5	1	0.84
174	15.5	1	0.83
174	16.5	1	0.83
174	17.5	1	0.83
174	18.5	1	0.82
174	19.5	1	0.82
174	20.5	1	0.82
174	21.5	1	0.81
174	22.5	1	0.81
174	23.5	1	0.81
175	0.5	1	0.8
175	1.5	1	0.8
175	2.5	1	0.8
175	3.5	1	0.79
175	4.5	1	0.79
175	5.5	1	0.79
175	6.5	1	0.78
175	7.5	1	0.78
175	8.5	1	0.78
175	9.5	1	0.77
175	10.5	1	0.77
175	11.5	1	0.77
175	12.5	1	0.76
175	13.5	1	0.76
175	14.5	1	0.76
175	15.5	1	0.75
175	16.5	1	0.75
175	17.5	1	0.75
175	18.5	1	0.74
175	19.5	1	0.74
175	20.5	1	0.74
175	21.5	1	0.73
175	22.5	1	0.73
175	23.5	1	0.73
176	0.5	1	0.72
176	1.5	1	0.72
176	2.5	1	0.72
176	3.5	1	0.71
176	4.5	1	0.71
176	5.5	1	0.71
176	6.5	1	0.7
176	7.5	1	0.7
176	8.5	1	0.7
176	9.5	1	0.69
176	10.5	1	0.69
176	11.5	1	0.69
176	12.5	1	0.68
176	13.5	1	0.68
176	14.5	1	0.68
176	15.5	1	0.67
176	16.5	1	0.67
176	17.5	1	0.67
176	18.5	1	0.66
176	19.5	1	0.66
176	20.5	1	0.66
176	21.5	1	0.65
176	22.5	1	0.65
176	23.5	1	0.65
177	0.5	1	0.64
177	1.5	1	0.64
177	2.5	1	0.64
177	3.5	1	0.63
177	4.5	1	0.63
177	5.5	1	0.63
177	6.5	1	0.62
177	7.5	1	0.62
177	8.5	1	0.62
177	9.5	1	0.61
177	10.5	1	0.61
177	11.5	1	0.61
177	12.5	1	0.6
177	13.5	1	0.6
177	14.5	1	0.6
177	15.5	1	0.59
177	16.5	1	0.59
177	17.5	1	0.59
177	18.5	1	0.58
177	19.5	1	0.58
177	20.5	1	0.58
177	21.5	1	0.57
177	22.5	1	0.57
177	23.5	1	0.57
178	0.5	1	0.56
178	1.5	1	0.56
178	2.5	1	0.56
178	3.5	1	0.55
178	4.5	1	0.55
178	5.5	1	0.55
178	6.5	1	0.54
178	7.5	1	0.54
178	8.5	1	0.54
178	9.5	1	0.53
178	10.5	1	0.53
178	11.5	1	0.53
178	12.5	1	0.52
178	13.5	1	0.52
178	14.5	1	0.52
178	15.5	1	0.51
178	16.5	1	0.51
178	17.5	1	0.51
178	18.5	1	0.5
178	19.5	1	0.5
178	20.5	1	0.5
178	21.5	1	0.49
178	22.5	1	0.49
178	23.5	1	0.49
179	0.5	1	0.48
179	1.5	1	0.48
179	2.5	1	0.48
179	3.5	1	0.47
179	4.5	1	0.47
179	5.5	1	0.47
179	6.5	1	0.46
179	7.5	1	0.46
179	8.5	1	0.46
179	9.5	1	0.45
179	10.5	1	0.45
179	11.5	1	0.45
179	12.5	1	0.45
179	13.5	1	0.45
179	14.5	1	0.45
179	15.5	1	0.45
179	16.5	1	0.45
179	17.5	1	0.45
179	18.5	1	0.45
179	19.5	1	0.45
179	20.5	1	0.46
179	21.5	1	0.46
179	22.5	1	0.46
179	23.5	1	0.46
180	0.5	1	0.46
180	1.5	1	0.46
180	2.5	1	0.46
180	3.5	1	0.46
180	4.5	1	0.46
180	5.5	1	0.46
180	6.5	1	0.47
180	7.5	1	0.47
180	8.5	1	0.47
180	9.5	1	0.47
180	10.5	1	0.47
180	11.5	1	0.47
180	12.5	1	0.47
180	13.5	1	0.47
180	14.5	1	0.47
180	15.5	1	0.48
180	16.5	1	0.48
180	17.5	1	0.48
180	18.5	1	0.48
180	19.5	1	0.48
180	20.5	1	0.48
180	21.5	1	0.48
180	22.5	1	0.48
180	23.5	1	0.48
181	0.5	1	0.49
181	1.5	1	0.49
181	2.5	1	0.49
181	3.5	1	0.49
181	4.5	1	0.49
181	5.5	1	0.49
181	6.5	1	0.49
181	7.5	1	0.49
181	8.5	1	0.49
181	9.5	1	0.49
181	10.5	1	0.5
181	11.5	1	0.5
181	12.5	1	0.5
181	13.5	1	0.5
181	14.5	1	0.5
181	15.5	1	0.5
181	16.5	1	0.5
181	17.5	1	0.5
181	18.5	1	0.5
181	19.5	1	0.51
181	20.5	1	0.51
181	21.5	1	0.51
181	22.5	1	0.51
181	23.5	1	0.51
182	0.5	1	0.51
182	1.5	1	0.51
182	2.5	1	0.51
182	3.5	1	0.51
182	4.5	1	0.52
182	5.5	1	0.52
182	6.5	1	0.52
182	7.5	1	0.52
182	8.5	1	0.52
182	9.5	1	0.52
182	10.5	1	0.52
182	11.5	1	0.52
182	12.5	1	0.52
182	13.5	1	0.52
182	14.5	1	0.53
182	15.5	1	0.53
182	16.5	1	0.53
182	17.5	1	0.53
182	18.5	1	0.53
182	19.5	1	0.53
182	20.5	1	0.53
182	21.5	1	0.53
182	22.5	1	0.53
182	23.5	1	0.54
183	0.5	1	0.54
183	1.5	1	0.54
183	2.5	1	0.54
183	3.5	1	0.54
183	4.5	1	0.54
183	5.5	1	0.54
183	6.5	1	0.54
183	7.5	1	0.54
183	8.5	1	0.55
183	9.5	1	0.55
183	10.5	1	0.55
183	11.5	1	0.55
183	12.5	1	0.55
183	13.5	1	0.55
183	14.5	1	0.55
183	15.5	1	0.55
183	16.5	1	0.55
183	17.5	1	0.56
183	18.5	1	0.56
183	19.5	1	0.56
183	20.5	1	0.56
183	21.5	1	0.56
183	22.5	1	0.56
183	23.5	1	0.56
184	0.5	1	0.56
184	1.5	1	0.56
184	2.5	1	0.56
184	3.5	1	0.57
184	4.5	1	0.57
184	5.5	1	0.57
184	6.5	1	0.57
184	7.5	1	0.57
184	8.5	1	0.57
184	9.5	1	0.57
184	10.5	1	0.57
184	11.5	1	0.57
184	12.5	1	0.58
184	13.5	1	0.58
184	14.5	1	0.58
184	15.5	1	0.58
184	16.5	1	0.58
184	17.5	1	0.58
184	18.5	1	0.58
184	19.5	1	0.58
184	20.5	1	0.58
184	21.5	1	0.59
184	22.5	1	0.59
184	23.5	1	0.59
185	0.5	1	0.59
185	1.5	1	0.59
185	2.5	1	0.59
185	3.5	1	0.59
185	4.5	1	0.59
185	5.5	1	0.59
185	6.5	1	0.59
185	7.5	1	0.6
185	8.5	1	0.6
185	9.5	1	0.6
185	10.5	1	0.6
185	11.5	1	0.6
185	12.5	1	0.6
185	13.5	1	0.6
185	14.5	1	0.6
185	15.5	1	0.6
185	16.5	1	0.61
185	17.5	1	0.61
185	18.5	1	0.61
185	19.5	1	0.61
185	20.5	1	0.61
185	21.5	1	0.61
185	22.5	1	0.61
185	23.5	1	0.61
186	0.5	1	0.61
186	1.5	1	0.62
186	2.5	1	0.62
186	3.5	1	0.62
186	4.5	1	0.62
186	5.5	1	0.62
186	6.5	1	0.62
186	7.5	1	0.62
186	8.5	1	0.62
186	9.5	1	0.62
186	10.5	1	0.62
186	11.5	1	0.63
186	12.5	1	0.63
186	13.5	1	0.63
186	14.5	1	0.63
186	15.5	1	0.63
186	16.5	1	0.63
186	17.5	1	0.63
186	18.5	1	0.63
186	19.5	1	0.63
186	20.5	1	0.64
186	21.5	1	0.64
186	22.5	1	0.64
186	23.5	1	0.64
187	0.5	1	0.64
187	1.5	1	0.64
187	2.5	1	0.64
187	3.5	1	0.64
187	4.5	1	0.64
187	5.5	1	0.65
187	6.5	1	0.65
187	7.5	1	0.65
187	8.5	1	0.65
187	9.5	1	0.65
187	10.5	1	0.65
187	11.5	1	0.65
187	12.5	1	0.65
187	13.5	1	0.65
187	14.5	1	0.66
187	15.5	1	0.66
187	16.5	1	0.66
187	17.5	1	0.66
187	18.5	1	0.66
187	19.5	1	0.66
187	20.5	1	0.66
187	21.5	1	0.66
187	22.5	1	0.66
187	23.5	1	0.66
188	0.5	1	0.67
188	1.5	1	0.67
188	2.5	1	0.67
188	3.5	1	0.67
188	4.5	1	0.67
188	5.5	1	0.67
188	6.5	1	0.67
188	7.5	1	0.67
188	8.5	1	0.67
188	9.5	1	0.68
188	10.5	1	0.68
188	11.5	1	0.68
188	12.5	1	0.68
188	13.5	1	0.68
188	14.5	1	0.68
188	15.5	1	0.68
188	16.5	1	0.68
188	17.5	1	0.68
188	18.5	1	0.69
188	19.5	1	0.69
188	20.5	1	0.69
188	21.5	1	0.69
188	22.5	1	0.69
188	23.5	1	0.69
189	0.5	1	0.69
189	1.5	1	0.69
189	2.5	1	0.69
189	3.5	1	0.69
189	4.5	1	0.7
189	5.5	1	0.7
189	6.5	1	0.7
189	7.5	1	0.7
189	8.5	1	0.7
189	9.5	1	0.7
189	10.5	1	0.7
189	11.5	1	0.7
189	12.5	1	0.7
189	13.5	1	0.71
189	14.5	1	0.71
189	15.5	1	0.71
189	16.5	1	0.71
189	17.5	1	0.71
189	18.5	1	0.71
189	19.5	1	0.71
189	20.5	1	0.71
189	21.5	1	0.71
189	22.5	1	0.72
189	23.5	1	0.72
190	0.5	1	0.72
190	1.5	1	0.72
190	2.5	1	0.72
190	3.5	1	0.72
190	4.5	1	0.72
190	5.5	1	0.72
190	6.5	1	0.72
190	7.5	1	0.72
190	8.5	1	0.73
190	9.5	1	0.73
190	10.5	1	0.73
190	11.5	1	0.73
190	12.5	1	0.73
190	13.5	1	0.73
190	14.5	1	0.73
190	15.5	1	0.73
190	16.5	1	0.73
190	17.5	1	0.74
190	18.5	1	0.74
190	19.5	1	0.74
190	20.5	1	0.74
190	21.5	1	0.74
190	22.5	1	0.74
190	23.5	1	0.74
191	0.5	1	0.74
191	1.5	1	0.74
191	2.5	1	0.75
191	3.5	1	0.75
191	4.5	1	0.75
191	5.5	1	0.75
191	6.5	1	0.75
191	7.5	1	0.75
191	8.5	1	0.75
191	9.5	1	0.75
191	10.5	1	0.75
191	11.5	1	0.76
191	12.5	1	0.76
191	13.5	1	0.76
191	14.5	1	0.76
191	15.5	1	0.76
191	16.5	1	0.76
191	17.5	1	0.76
191	18.5	1	0.76
191	19.5	1	0.76
191	20.5	1	0.76
191	21.5	1	0.77
191	22.5	1	0.77
191	23.5	1	0.77
192	0.5	1	0.77
192	1.5	1	0.77
192	2.5	1	0.77
192	3.5	1	0.77
192	4.5	1	0.77
192	5.5	1	0.77
192	6.5	1	0.78
192	7.5	1	0.78
192	8.5	1	0.78
192	9.5	1	0.78
192	10.5	1	0.78
192	11.5	1	0.78
192	12.5	1	0.78
192	13.5	1	0.78
192	14.5	1	0.78
192	15.5	1	0.79
192	16.5	1	0.79
192	17.5	1	0.79
192	18.5	1	0.79
192	19.5	1	0.79
192	20.5	1	0.79
192	21.5	1	0.79
192	22.5	1	0.79
192	23.5	1	0.79
193	0.5	1	0.79
193	1.5	1	0.8
193	2.5	1	0.8
193	3.5	1	0.8
193	4.5	1	0.8
193	5.5	1	0.8
193	6.5	1	0.8
193	7.5	1	0.8
193	8.5	1	0.8
193	9.5	1	0.8
193	10.5	1	0.81
193	11.5	1	0.81
193	12.5	1	0.81
193	13.5	1	0.81
193	14.5	1	0.81
193	15.5	1	0.81
193	16.5	1	0.81
193	17.5	1	0.81
193	18.5	1	0.81
193	19.5	1	0.82
193	20.5	1	0.82
193	21.5	1	0.82
193	22.5	1	0.82
193	23.5	1	0.82
194	0.5	1	0.82
194	1.5	1	0.82
194	2.5	1	0.82
194	3.5	1	0.82
194	4.5	1	0.82
194	5.5	1	0.83
194	6.5	1	0.83
194	7.5	1	0.83
194	8.5	1	0.83
194	9.5	1	0.83
194	10.5	1	0.83
194	11.5	1	0.83
194	12.5	1	0.83
194	13.5	1	0.83
194	14.5	1	0.84
194	15.5	1	0.84
194	16.5	1	0.84
194	17.5	1	0.84
194	18.5	1	0.84
194	19.5	1	0.84
194	20.5	1	0.84
194	21.5	1	0.85
194	22.5	1	0.85
194	23.5	1	0.85
195	0.5	1	0.85
195	1.5	1	0.85
195	2.5	1	0.85
195	3.5	1	0.85
195	4.5	1	0.85
195	5.5	1	0.86
195	6.5	1	0.86
195	7.5	1	0.86
195	8.5	1	0.86
195	9.5	1	0.86
195	10.5	1	0.86
195	11.5	1	0.86
195	12.5	1	0.86
195	13.5	1	0.87
195	14.5	1	0.87
195	15.5	1	0.87
195	16.5	1	0.87
195	17.5	1	0.87
195	18.5	1	0.87
195	19.5	1	0.87
195	20.5	1	0.88
195	21.5	1	0.88
195	22.5	1	0.88
195	23.5	1	0.88
196	0.5	1	0.88
196	1.5	1	0.88
196	2.5	1	0.88
196	3.5	1	0.88
196	4.5	1	0.89
196	5.5	1	0.89
196	6.5	1	0.89
196	7.5	1	0.89
196	8.5	1	0.89
196	9.5	1	0.89
196	10.5	1	0.89
196	11.5	1	0.89
196	12.5	1	0.9
196	13.5	1	0.9
196	14.5	1	0.9
196	15.5	1	0.9
196	16.5	1	0.9
196	17.5	1	0.9
196	18.5	1	0.9
196	19.5	1	0.9
196	20.5	1	0.91
196	21.5	1	0.91
196	22.5	1	0.91
196	23.5	1	0.91
197	0.5	1	0.91
197	1.5	1	0.91
197	2.5	1	0.91
197	3.5	1	0.92
197	4.5	1	0.92
197	5.5	1	0.92
197	6.5	1	0.92
197	7.5	1	0.92
197	8.5	1	0.92
197	9.5	1	0.92
197	10.5	1	0.92
197	11.5	1	0.93
197	12.5	1	0.93
197	13.5	1	0.93
197	14.5	1	0.93
197	15.5	1	0.93
197	16.5	1	0.93
197	17.5	1	0.93
197	18.5	1	0.93
197	19.5	1	0.94
197	20.5	1	0.94
197	21.5	1	0.94
197	22.5	1	0.94
197	23.5	1	0.94
198	0.5	1	0.94
198	1.5	1	0.94
198	2.5	1	0.95
198	3.5	1	0.95
198	4.5	1	0.95
198	5.5	1	0.95
198	6.5	1	0.95
198	7.5	1	0.95
198	8.5	1	0.95
198	9.5	1	0.95
198	10.5	1	0.96
198	11.5	1	0.96
198	12.5	1	0.96
198	13.5	1	0.96
198	14.5	1	0.96
198	15.5	1	0.96
198	16.5	1	0.96
198	17.5	1	0.96
198	18.5	1	0.97
198	19.5	1	0.97
198	20.5	1	0.97
198	21.5	1	0.97
198	22.5	1	0.97
198	23.5	1	0.97
199	0.5	1	0.97
199	1.5	1	0.97
199	2.5	1	0.98
199	3.5	1	0.98
199	4.5	1	0.98
199	5.5	1	0.98
199	6.5	1	0.98
199	7.5	1	0.98
199	8.5	1	0.98
199	9.5	1	0.99
199	10.5	1	0.99
199	11.5	1	0.99
199	12.5	1	0.99
199	13.5	1	0.99
199	14.5	1	0.99
199	15.5	1	0.99
199	16.5	1	0.99
199	17.5	1	1
199	18.5	1	1
199	19.5	1	1
199	20.5	1	1
199	21.5	1	1
199	22.5	1	1
199	23.5	1	1
200	0.5	1	1
200	1.5	1	1.01
200	2.5	1	1.01
200	3.5	1	1.01
200	4.5	1	1.01
200	5.5	1	1.01
200	6.5	1	1.01
200	7.5	1	1.01
200	8.5	1	1.02
200	9.5	1	1.02
200	10.5	1	1.02
200	11.5	1	1.02
200	12.5	1	1.02
200	13.5	1	1.02
200	14.5	1	1.02
200	15.5	1	1.02
200	16.5	1	1.03
200	17.5	1	1.03
200	18.5	1	1.03
200	19.5	1	1.03
200	20.5	1	1.03
200	21.5	1	1.03
200	22.5	1	1.03
200	23.5	1	1.03
201	0.5	1	1.04
201	1.5	1	1.04
201	2.5	1	1.04
201	3.5	1	1.04
201	4.5	1	1.04
201	5.5	1	1.04
201	6.5	1	1.04
201	7.5	1	1.04
201	8.5	1	1.05
201	9.5	1	1.05
201	10.5	1	1.05
201	11.5	1	1.05
201	12.5	1	1.05
201	13.5	1	1.05
201	14.5	1	1.05
201	15.5	1	1.06
201	16.5	1	1.06
201	17.5	1	1.06
201	18.5	1	1.06
201	19.5	1	1.06
201	20.5	1	1.06
201	21.5	1	1.06
201	22.5	1	1.06
201	23.5	1	1.07
202	0.5	1	1.07
202	1.5	1	1.07
202	2.5	1	1.07
202	3.5	1	1.07
202	4.5	1	1.07
202	5.5	1	1.07
202	6.5	1	1.07
202	7.5	1	1.08
202	8.5	1	1.08
202	9.5	1	1.08
202	10.5	1	1.08
202	11.5	1	1.08
202	12.5	1	1.08
202	13.5	1	1.08
202	14.5	1	1.08
202	15.5	1	1.09
202	16.5	1	1.09
202	17.5	1	1.09
202	18.5	1	1.09
202	19.5	1	1.09
202	20.5	1	1.09
202	21.5	1	1.09
202	22.5	1	1.1
202	23.5	1	1.1
203	0.5	1	1.1
203	1.5	1	1.1
203	2.5	1	1.1
203	3.5	1	1.1
203	4.5	1	1.1
203	5.5	1	1.1
203	6.5	1	1.11
203	7.5	1	1.11
203	8.5	1	1.11
203	9.5	1	1.11
203	10.5	1	1.11
203	11.5	1	1.11
203	12.5	1	1.11
203	13.5	1	1.11
203	14.5	1	1.12
203	15.5	1	1.12
203	16.5	1	1.12
203	17.5	1	1.12
203	18.5	1	1.12
203	19.5	1	1.12
203	20.5	1	1.12
203	21.5	1	1.13
203	22.5	1	1.13
203	23.5	1	1.13
204	0.5	1	1.13
204	1.5	1	1.13
204	2.5	1	1.13
204	3.5	1	1.13
204	4.5	1	1.13
204	5.5	1	1.14
204	6.5	1	1.14
204	7.5	1	1.14
204	8.5	1	1.14
204	9.5	1	1.14
204	10.5	1	1.14
204	11.5	1	1.14
204	12.5	1	1.14
204	13.5	1	1.15
204	14.5	1	1.15
204	15.5	1	1.15
204	16.5	1	1.15
204	17.5	1	1.15
204	18.5	1	1.15
204	19.5	1	1.15
204	20.5	1	1.15
204	21.5	1	1.16
204	22.5	1	1.16
204	23.5	1	1.16
205	0.5	1	1.16
205	1.5	1	1.16
205	2.5	1	1.16
205	3.5	1	1.16
205	4.5	1	1.17
205	5.5	1	1.17
205	6.5	1	1.17
205	7.5	1	1.17
205	8.5	1	1.17
205	9.5	1	1.17
205	10.5	1	1.17
205	11.5	1	1.17
205	12.5	1	1.18
205	13.5	1	1.18
205	14.5	1	1.18
205	15.5	1	1.18
205	16.5	1	1.18
205	17.5	1	1.18
205	18.5	1	1.18
205	19.5	1	1.18
205	20.5	1	1.19
205	21.5	1	1.19
205	22.5	1	1.19
205	23.5	1	1.19
206	0.5	1	1.19
206	1.5	1	1.19
206	2.5	1	1.19
206	3.5	1	1.2
206	4.5	1	1.2
206	5.5	1	1.2
206	6.5	1	1.2
206	7.5	1	1.2
206	8.5	1	1.2
206	9.5	1	1.2
206	10.5	1	1.2
206	11.5	1	1.21
206	12.5	1	1.21
206	13.5	1	1.21
206	14.5	1	1.21
206	15.5	1	1.21
206	16.5	1	1.22
206	17.5	1	1.22
206	18.5	1	1.22
206	19.5	1	1.22
206	20.5	1	1.22
206	21.5	1	1.23
206	22.5	1	1.23
206	23.5	1	1.23
207	0.5	1	1.23
207	1.5	1	1.23
207	2.5	1	1.24
207	3.5	1	1.24
207	4.5	1	1.24
207	5.5	1	1.24
207	6.5	1	1.24
207	7.5	1	1.25
207	8.5	1	1.25
207	9.5	1	1.25
207	10.5	1	1.25
207	11.5	1	1.25
207	12.5	1	1.26
207	13.5	1	1.26
207	14.5	1	1.26
207	15.5	1	1.26
207	16.5	1	1.26
207	17.5	1	1.27
207	18.5	1	1.27
207	19.5	1	1.27
207	20.5	1	1.27
207	21.5	1	1.27
207	22.5	1	1.28
207	23.5	1	1.28
208	0.5	1	1.28
208	1.5	1	1.28
208	2.5	1	1.28
208	3.5	1	1.29
208	4.5	1	1.29
208	5.5	1	1.29
208	6.5	1	1.29
208	7.5	1	1.29
208	8.5	1	1.3
208	9.5	1	1.3
208	10.5	1	1.3
208	11.5	1	1.3
208	12.5	1	1.3
208	13.5	1	1.31
208	14.5	1	1.31
208	15.5	1	1.31
208	16.5	1	1.31
208	17.5	1	1.31
208	18.5	1	1.32
208	19.5	1	1.32
208	20.5	1	1.32
208	21.5	1	1.32
208	22.5	1	1.32
208	23.5	1	1.33
209	0.5	1	1.33
209	1.5	1	1.33
209	2.5	1	1.33
209	3.5	1	1.33
209	4.5	1	1.34
209	5.5	1	1.34
209	6.5	1	1.34
209	7.5	1	1.34
209	8.5	1	1.34
209	9.5	1	1.35
209	10.5	1	1.35
209	11.5	1	1.35
209	12.5	1	1.35
209	13.5	1	1.35
209	14.5	1	1.36
209	15.5	1	1.36
209	16.5	1	1.36
209	17.5	1	1.36
209	18.5	1	1.36
209	19.5	1	1.37
209	20.5	1	1.37
209	21.5	1	1.37
209	22.5	1	1.37
209	23.5	1	1.37
210	0.5	1	1.38
210	1.5	1	1.38
210	2.5	1	1.38
210	3.5	1	1.38
210	4.5	1	1.38
210	5.5	1	1.39
210	6.5	1	1.39
210	7.5	1	1.39
210	8.5	1	1.39
210	9.5	1	1.39
210	10.5	1	1.4
210	11.5	1	1.4
210	12.5	1	1.4
210	13.5	1	1.4
210	14.5	1	1.4
210	15.5	1	1.41
210	16.5	1	1.41
210	17.5	1	1.41
210	18.5	1	1.41
210	19.5	1	1.41
210	20.5	1	1.42
210	21.5	1	1.42
210	22.5	1	1.42
210	23.5	1	1.42
211	0.5	1	1.42
211	1.5	1	1.43
211	2.5	1	1.43
211	3.5	1	1.43
211	4.5	1	1.43
211	5.5	1	1.43
211	6.5	1	1.44
211	7.5	1	1.44
211	8.5	1	1.44
211	9.5	1	1.44
211	10.5	1	1.44
211	11.5	1	1.45
211	12.5	1	1.45
211	13.5	1	1.45
211	14.5	1	1.45
211	15.5	1	1.45
211	16.5	1	1.46
211	17.5	1	1.46
211	18.5	1	1.46
211	19.5	1	1.46
211	20.5	1	1.46
211	21.5	1	1.47
211	22.5	1	1.47
211	23.5	1	1.47
212	0.5	1	1.47
212	1.5	1	1.48
212	2.5	1	1.48
212	3.5	1	1.48
212	4.5	1	1.48
212	5.5	1	1.48
212	6.5	1	1.49
212	7.5	1	1.49
212	8.5	1	1.49
212	9.5	1	1.49
212	10.5	1	1.49
212	11.5	1	1.5
212	12.5	1	1.5
212	13.5	1	1.5
212	14.5	1	1.5
212	15.5	1	1.5
212	16.5	1	1.51
212	17.5	1	1.51
212	18.5	1	1.51
212	19.5	1	1.51
212	20.5	1	1.51
212	21.5	1	1.52
212	22.5	1	1.52
212	23.5	1	1.52
213	0.5	1	1.52
213	1.5	1	1.52
213	2.5	1	1.53
213	3.5	1	1.53
213	4.5	1	1.53
213	5.5	1	1.53
213	6.5	1	1.53
213	7.5	1	1.54
213	8.5	1	1.54
213	9.5	1	1.54
213	10.5	1	1.54
213	11.5	1	1.54
213	12.5	1	1.55
213	13.5	1	1.55
213	14.5	1	1.55
213	15.5	1	1.55
213	16.5	1	1.55
213	17.5	1	1.56
213	18.5	1	1.56
213	19.5	1	1.56
213	20.5	1	1.56
213	21.5	1	1.56
213	22.5	1	1.57
213	23.5	1	1.57
214	0.5	1	1.57
214	1.5	1	1.57
214	2.5	1	1.57
214	3.5	1	1.58
214	4.5	1	1.58
214	5.5	1	1.58
214	6.5	1	1.58
214	7.5	1	1.58
214	8.5	1	1.59
214	9.5	1	1.59
214	10.5	1	1.59
214	11.5	1	1.59
214	12.5	1	1.59
214	13.5	1	1.6
214	14.5	1	1.6
214	15.5	1	1.6
214	16.5	1	1.6
214	17.5	1	1.6
214	18.5	1	1.61
214	19.5	1	1.61
214	20.5	1	1.61
214	21.5	1	1.61
214	22.5	1	1.61
214	23.5	1	1.62
215	0.5	1	1.62
215	1.5	1	1.62
215	2.5	1	1.62
215	3.5	1	1.62
215	4.5	1	1.63
215	5.5	1	1.63
215	6.5	1	1.63
215	7.5	1	1.63
215	8.5	1	1.63
215	9.5	1	1.64
215	10.5	1	1.64
215	11.5	1	1.64
215	12.5	1	1.64
215	13.5	1	1.64
215	14.5	1	1.65
215	15.5	1	1.65
215	16.5	1	1.65
215	17.5	1	1.65
215	18.5	1	1.65
215	19.5	1	1.66
215	20.5	1	1.66
215	21.5	1	1.66
215	22.5	1	1.66
215	23.5	1	1.66
216	0.5	1	1.67
216	1.5	1	1.67
216	2.5	1	1.67
216	3.5	1	1.67
216	4.5	1	1.67
216	5.5	1	1.68
216	6.5	1	1.68
216	7.5	1	1.68
216	8.5	1	1.68
216	9.5	1	1.68
216	10.5	1	1.69
216	11.5	1	1.69
216	12.5	1	1.69
216	13.5	1	1.69
216	14.5	1	1.69
216	15.5	1	1.7
216	16.5	1	1.7
216	17.5	1	1.7
216	18.5	1	1.7
216	19.5	1	1.7
216	20.5	1	1.71
216	21.5	1	1.71
216	22.5	1	1.71
216	23.5	1	1.71
217	0.5	1	1.71
217	1.5	1	1.72
217	2.5	1	1.72
217	3.5	1	1.72
217	4.5	1	1.72
217	5.5	1	1.72
217	6.5	1	1.73
217	7.5	1	1.73
217	8.5	1	1.73
217	9.5	1	1.73
217	10.5	1	1.73
217	11.5	1	1.74
217	12.5	1	1.74
217	13.5	1	1.74
217	14.5	1	1.74
217	15.5	1	1.74
217	16.5	1	1.75
217	17.5	1	1.75
217	18.5	1	1.75
217	19.5	1	1.75
217	20.5	1	1.75
217	21.5	1	1.76
217	22.5	1	1.76
217	23.5	1	1.76
218	0.5	1	1.76
218	1.5	1	1.77
218	2.5	1	1.77
218	3.5	1	1.77
218	4.5	1	1.77
218	5.5	1	1.77
218	6.5	1	1.78
218	7.5	1	1.78
218	8.5	1	1.78
218	9.5	1	1.78
218	10.5	1	1.78
218	11.5	1	1.79
218	12.5	1	1.79
218	13.5	1	1.79
218	14.5	1	1.79
218	15.5	1	1.79
218	16.5	1	1.8
218	17.5	1	1.8
218	18.5	1	1.8
218	19.5	1	1.8
218	20.5	1	1.8
218	21.5	1	1.81
218	22.5	1	1.81
218	23.5	1	1.81
219	0.5	1	1.81
219	1.5	1	1.81
219	2.5	1	1.82
219	3.5	1	1.82
219	4.5	1	1.82
219	5.5	1	1.82
219	6.5	1	1.82
219	7.5	1	1.83
219	8.5	1	1.83
219	9.5	1	1.83
219	10.5	1	1.83
219	11.5	1	1.83
219	12.5	1	1.84
219	13.5	1	1.84
219	14.5	1	1.84
219	15.5	1	1.84
219	16.5	1	1.84
219	17.5	1	1.85
219	18.5	1	1.85
219	19.5	1	1.85
219	20.5	1	1.85
219	21.5	1	1.85
219	22.5	1	1.86
219	23.5	1	1.86
220	0.5	1	1.86
220	1.5	1	1.86
220	2.5	1	1.86
220	3.5	1	1.87
220	4.5	1	1.87
220	5.5	1	1.87
220	6.5	1	1.87
220	7.5	1	1.87
220	8.5	1	1.88
220	9.5	1	1.88
220	10.5	1	1.88
220	11.5	1	1.88
220	12.5	1	1.88
220	13.5	1	1.89
220	14.5	1	1.89
220	15.5	1	1.89
220	16.5	1	1.89
220	17.5	1	1.89
220	18.5	1	1.9
220	19.5	1	1.9
220	20.5	1	1.9
220	21.5	1	1.9
220	22.5	1	1.9
220	23.5	1	1.91
221	0.5	1	1.91
221	1.5	1	1.91
221	2.5	1	1.91
221	3.5	1	1.91
221	4.5	1	1.92
221	5.5	1	1.92
221	6.5	1	1.92
221	7.5	1	1.92
221	8.5	1	1.92
221	9.5	1	1.93
221	10.5	1	1.93
221	11.5	1	1.93
221	12.5	1	1.93
221	13.5	1	1.93
221	14.5	1	1.93
221	15.5	1	1.93
221	16.5	1	1.93
221	17.5	1	1.92
221	18.5	1	1.92
221	19.5	1	1.92
221	20.5	1	1.92
221	21.5	1	1.92
221	22.5	1	1.92
221	23.5	1	1.92
222	0.5	1	1.92
222	1.5	1	1.91
222	2.5	1	1.91
222	3.5	1	1.91
222	4.5	1	1.91
222	5.5	1	1.91
222	6.5	1	1.91
222	7.5	1	1.91
222	8.5	1	1.91
222	9.5	1	1.91
222	10.5	1	1.9
222	11.5	1	1.9
222	12.5	1	1.9
222	13.5	1	1.9
222	14.5	1	1.9
222	15.5	1	1.9
222	16.5	1	1.9
222	17.5	1	1.9
222	18.5	1	1.89
222	19.5	1	1.89
222	20.5	1	1.89
222	21.5	1	1.89
222	22.5	1	1.89
222	23.5	1	1.89
223	0.5	1	1.89
223	1.5	1	1.89
223	2.5	1	1.88
223	3.5	1	1.88
223	4.5	1	1.88
223	5.5	1	1.88
223	6.5	1	1.88
223	7.5	1	1.88
223	8.5	1	1.88
223	9.5	1	1.88
223	10.5	1	1.88
223	11.5	1	1.87
223	12.5	1	1.87
223	13.5	1	1.87
223	14.5	1	1.87
223	15.5	1	1.87
223	16.5	1	1.87
223	17.5	1	1.87
223	18.5	1	1.87
223	19.5	1	1.86
223	20.5	1	1.86
223	21.5	1	1.86
223	22.5	1	1.86
223	23.5	1	1.86
224	0.5	1	1.86
224	1.5	1	1.86
224	2.5	1	1.86
224	3.5	1	1.85
224	4.5	1	1.85
224	5.5	1	1.85
224	6.5	1	1.85
224	7.5	1	1.85
224	8.5	1	1.85
224	9.5	1	1.85
224	10.5	1	1.85
224	11.5	1	1.85
224	12.5	1	1.84
224	13.5	1	1.84
224	14.5	1	1.84
224	15.5	1	1.84
224	16.5	1	1.84
224	17.5	1	1.84
224	18.5	1	1.84
224	19.5	1	1.84
224	20.5	1	1.83
224	21.5	1	1.83
224	22.5	1	1.83
224	23.5	1	1.83
225	0.5	1	1.83
225	1.5	1	1.83
225	2.5	1	1.83
225	3.5	1	1.83
225	4.5	1	1.82
225	5.5	1	1.82
225	6.5	1	1.82
225	7.5	1	1.82
225	8.5	1	1.82
225	9.5	1	1.82
225	10.5	1	1.82
225	11.5	1	1.82
225	12.5	1	1.82
225	13.5	1	1.81
225	14.5	1	1.81
225	15.5	1	1.81
225	16.5	1	1.81
225	17.5	1	1.81
225	18.5	1	1.81
225	19.5	1	1.81
225	20.5	1	1.81
225	21.5	1	1.8
225	22.5	1	1.8
225	23.5	1	1.8
226	0.5	1	1.8
226	1.5	1	1.8
226	2.5	1	1.8
226	3.5	1	1.8
226	4.5	1	1.8
226	5.5	1	1.79
226	6.5	1	1.79
226	7.5	1	1.79
226	8.5	1	1.79
226	9.5	1	1.79
226	10.5	1	1.79
226	11.5	1	1.79
226	12.5	1	1.79
226	13.5	1	1.79
226	14.5	1	1.78
226	15.5	1	1.78
226	16.5	1	1.78
226	17.5	1	1.78
226	18.5	1	1.78
226	19.5	1	1.78
226	20.5	1	1.78
226	21.5	1	1.78
226	22.5	1	1.77
226	23.5	1	1.77
227	0.5	1	1.77
227	1.5	1	1.77
227	2.5	1	1.77
227	3.5	1	1.77
227	4.5	1	1.77
227	5.5	1	1.77
227	6.5	1	1.76
227	7.5	1	1.76
227	8.5	1	1.76
227	9.5	1	1.76
227	10.5	1	1.76
227	11.5	1	1.76
227	12.5	1	1.76
227	13.5	1	1.76
227	14.5	1	1.76
227	15.5	1	1.75
227	16.5	1	1.75
227	17.5	1	1.75
227	18.5	1	1.75
227	19.5	1	1.75
227	20.5	1	1.75
227	21.5	1	1.75
227	22.5	1	1.75
227	23.5	1	1.74
228	0.5	1	1.74
228	1.5	1	1.74
228	2.5	1	1.74
228	3.5	1	1.74
228	4.5	1	1.74
228	5.5	1	1.74
228	6.5	1	1.74
228	7.5	1	1.73
228	8.5	1	1.73
228	9.5	1	1.73
228	10.5	1	1.73
228	11.5	1	1.73
228	12.5	1	1.73
228	13.5	1	1.73
228	14.5	1	1.73
228	15.5	1	1.73
228	16.5	1	1.72
228	17.5	1	1.72
228	18.5	1	1.72
228	19.5	1	1.72
228	20.5	1	1.72
228	21.5	1	1.72
228	22.5	1	1.72
228	23.5	1	1.72
229	0.5	1	1.71
229	1.5	1	1.71
229	2.5	1	1.71
229	3.5	1	1.71
229	4.5	1	1.71
229	5.5	1	1.71
229	6.5	1	1.71
229	7.5	1	1.71
229	8.5	1	1.7
229	9.5	1	1.7
229	10.5	1	1.7
229	11.5	1	1.7
229	12.5	1	1.7
229	13.5	1	1.7
229	14.5	1	1.7
229	15.5	1	1.7
229	16.5	1	1.7
229	17.5	1	1.69
229	18.5	1	1.69
229	19.5	1	1.69
229	20.5	1	1.69
229	21.5	1	1.69
229	22.5	1	1.69
229	23.5	1	1.69
230	0.5	1	1.69
230	1.5	1	1.68
230	2.5	1	1.68
230	3.5	1	1.68
230	4.5	1	1.68
230	5.5	1	1.68
230	6.5	1	1.68
230	7.5	1	1.68
230	8.5	1	1.68
230	9.5	1	1.67
230	10.5	1	1.67
230	11.5	1	1.67
230	12.5	1	1.67
230	13.5	1	1.67
230	14.5	1	1.67
230	15.5	1	1.67
230	16.5	1	1.67
230	17.5	1	1.67
230	18.5	1	1.66
230	19.5	1	1.66
230	20.5	1	1.66
230	21.5	1	1.66
230	22.5	1	1.66
230	23.5	1	1.66
231	0.5	1	1.66
231	1.5	1	1.66
231	2.5	1	1.65
231	3.5	1	1.65
231	4.5	1	1.65
231	5.5	1	1.65
231	6.5	1	1.65
231	7.5	1	1.65
231	8.5	1	1.65
231	9.5	1	1.65
231	10.5	1	1.64
231	11.5	1	1.64
231	12.5	1	1.64
231	13.5	1	1.64
231	14.5	1	1.64
231	15.5	1	1.64
231	16.5	1	1.64
231	17.5	1	1.64
231	18.5	1	1.64
231	19.5	1	1.63
231	20.5	1	1.63
231	21.5	1	1.63
231	22.5	1	1.63
231	23.5	1	1.63
232	0.5	1	1.63
232	1.5	1	1.63
232	2.5	1	1.63
232	3.5	1	1.62
232	4.5	1	1.62
232	5.5	1	1.62
232	6.5	1	1.62
232	7.5	1	1.62
232	8.5	1	1.62
232	9.5	1	1.62
232	10.5	1	1.62
232	11.5	1	1.61
232	12.5	1	1.61
232	13.5	1	1.61
232	14.5	1	1.61
232	15.5	1	1.61
232	16.5	1	1.61
232	17.5	1	1.61
232	18.5	1	1.61
232	19.5	1	1.61
232	20.5	1	1.6
232	21.5	1	1.6
232	22.5	1	1.6
232	23.5	1	1.6
233	0.5	1	1.6
233	1.5	1	1.6
233	2.5	1	1.6
233	3.5	1	1.6
233	4.5	1	1.59
233	5.5	1	1.59
233	6.5	1	1.59
233	7.5	1	1.59
233	8.5	1	1.59
233	9.5	1	1.59
233	10.5	1	1.59
233	11.5	1	1.59
233	12.5	1	1.58
233	13.5	1	1.58
233	14.5	1	1.58
233	15.5	1	1.58
233	16.5	1	1.58
233	17.5	1	1.58
233	18.5	1	1.58
233	19.5	1	1.58
233	20.5	1	1.58
233	21.5	1	1.57
233	22.5	1	1.57
233	23.5	1	1.57
234	0.5	1	1.57
234	1.5	1	1.57
234	2.5	1	1.57
234	3.5	1	1.57
234	4.5	1	1.57
234	5.5	1	1.56
234	6.5	1	1.56
234	7.5	1	1.56
234	8.5	1	1.56
234	9.5	1	1.56
234	10.5	1	1.56
234	11.5	1	1.56
234	12.5	1	1.56
234	13.5	1	1.55
234	14.5	1	1.55
234	15.5	1	1.55
234	16.5	1	1.55
234	17.5	1	1.55
234	18.5	1	1.55
234	19.5	1	1.55
234	20.5	1	1.55
234	21.5	1	1.55
234	22.5	1	1.54
234	23.5	1	1.54
235	0.5	1	1.54
235	1.5	1	1.54
235	2.5	1	1.54
235	3.5	1	1.54
235	4.5	1	1.54
235	5.5	1	1.54
235	6.5	1	1.53
235	7.5	1	1.53
235	8.5	1	1.53
235	9.5	1	1.53
235	10.5	1	1.53
235	11.5	1	1.53
235	12.5	1	1.53
235	13.5	1	1.53
235	14.5	1	1.52
235	15.5	1	1.52
235	16.5	1	1.52
235	17.5	1	1.52
235	18.5	1	1.52
235	19.5	1	1.52
235	20.5	1	1.52
235	21.5	1	1.52
235	22.5	1	1.52
235	23.5	1	1.51
236	0.5	1	1.51
236	1.5	1	1.51
236	2.5	1	1.51
236	3.5	1	1.51
236	4.5	1	1.51
236	5.5	1	1.51
236	6.5	1	1.51
236	7.5	1	1.5
236	8.5	1	1.5
236	9.5	1	1.5
236	10.5	1	1.5
236	11.5	1	1.5
236	12.5	1	1.5
236	13.5	1	1.5
236	14.5	1	1.5
236	15.5	1	1.49
236	16.5	1	1.49
236	17.5	1	1.49
236	18.5	1	1.49
236	19.5	1	1.49
236	20.5	1	1.49
236	21.5	1	1.49
236	22.5	1	1.49
236	23.5	1	1.49
237	0.5	1	1.48
237	1.5	1	1.48
237	2.5	1	1.48
237	3.5	1	1.48
237	4.5	1	1.48
237	5.5	1	1.48
237	6.5	1	1.48
237	7.5	1	1.48
237	8.5	1	1.47
237	9.5	1	1.47
237	10.5	1	1.47
237	11.5	1	1.47
237	12.5	1	1.47
237	13.5	1	1.47
237	14.5	1	1.47
237	15.5	1	1.47
237	16.5	1	1.46
237	17.5	1	1.46
237	18.5	1	1.46
237	19.5	1	1.46
237	20.5	1	1.46
237	21.5	1	1.46
237	22.5	1	1.46
237	23.5	1	1.46
238	0.5	1	1.45
238	1.5	1	1.45
238	2.5	1	1.45
238	3.5	1	1.45
238	4.5	1	1.45
238	5.5	1	1.45
238	6.5	1	1.45
238	7.5	1	1.45
238	8.5	1	1.45
238	9.5	1	1.44
238	10.5	1	1.44
238	11.5	1	1.44
238	12.5	1	1.44
238	13.5	1	1.44
238	14.5	1	1.44
238	15.5	1	1.44
238	16.5	1	1.44
238	17.5	1	1.43
238	18.5	1	1.43
238	19.5	1	1.43
238	20.5	1	1.43
238	21.5	1	1.43
238	22.5	1	1.43
238	23.5	1	1.43
239	0.5	1	1.43
239	1.5	1	1.42
239	2.5	1	1.42
239	3.5	1	1.42
239	4.5	1	1.42
239	5.5	1	1.42
239	6.5	1	1.42
239	7.5	1	1.42
239	8.5	1	1.42
239	9.5	1	1.42
239	10.5	1	1.41
239	11.5	1	1.41
239	12.5	1	1.41
239	13.5	1	1.41
239	14.5	1	1.41
239	15.5	1	1.41
239	16.5	1	1.41
239	17.5	1	1.41
239	18.5	1	1.4
239	19.5	1	1.4
239	20.5	1	1.4
239	21.5	1	1.4
239	22.5	1	1.4
239	23.5	1	1.4
240	0.5	1	1.4
240	1.5	1	1.4
240	2.5	1	1.39
240	3.5	1	1.39
240	4.5	1	1.39
240	5.5	1	1.39
240	6.5	1	1.39
240	7.5	1	1.39
240	8.5	1	1.39
240	9.5	1	1.39
240	10.5	1	1.39
240	11.5	1	1.38
240	12.5	1	1.38
240	13.5	1	1.38
240	14.5	1	1.38
240	15.5	1	1.38
240	16.5	1	1.38
240	17.5	1	1.38
240	18.5	1	1.38
240	19.5	1	1.37
240	20.5	1	1.37
240	21.5	1	1.37
240	22.5	1	1.37
240	23.5	1	1.37
241	0.5	1	1.37
241	1.5	1	1.37
241	2.5	1	1.37
241	3.5	1	1.36
241	4.5	1	1.36
241	5.5	1	1.36
241	6.5	1	1.36
241	7.5	1	1.36
241	8.5	1	1.36
241	9.5	1	1.36
241	10.5	1	1.36
241	11.5	1	1.36
241	12.5	1	1.35
241	13.5	1	1.35
241	14.5	1	1.35
241	15.5	1	1.35
241	16.5	1	1.35
241	17.5	1	1.35
241	18.5	1	1.35
241	19.5	1	1.35
241	20.5	1	1.34
241	21.5	1	1.34
241	22.5	1	1.34
241	23.5	1	1.34
242	0.5	1	1.34
242	1.5	1	1.34
242	2.5	1	1.34
242	3.5	1	1.34
242	4.5	1	1.33
242	5.5	1	1.33
242	6.5	1	1.33
242	7.5	1	1.33
242	8.5	1	1.33
242	9.5	1	1.33
242	10.5	1	1.33
242	11.5	1	1.33
242	12.5	1	1.33
242	13.5	1	1.32
242	14.5	1	1.32
242	15.5	1	1.32
242	16.5	1	1.32
242	17.5	1	1.32
242	18.5	1	1.32
242	19.5	1	1.32
242	20.5	1	1.32
242	21.5	1	1.31
242	22.5	1	1.31
242	23.5	1	1.31
243	0.5	1	1.31
243	1.5	1	1.31
243	2.5	1	1.31
243	3.5	1	1.31
243	4.5	1	1.31
243	5.5	1	1.3
243	6.5	1	1.3
243	7.5	1	1.3
243	8.5	1	1.3
243	9.5	1	1.3
243	10.5	1	1.3
243	11.5	1	1.3
243	12.5	1	1.3
243	13.5	1	1.3
243	14.5	1	1.29
243	15.5	1	1.29
243	16.5	1	1.29
243	17.5	1	1.29
243	18.5	1	1.29
243	19.5	1	1.29
243	20.5	1	1.29
243	21.5	1	1.29
243	22.5	1	1.28
243	23.5	1	1.28
244	0.5	1	1.28
244	1.5	1	1.28
244	2.5	1	1.28
244	3.5	1	1.28
244	4.5	1	1.28
244	5.5	1	1.28
244	6.5	1	1.27
244	7.5	1	1.27
244	8.5	1	1.27
244	9.5	1	1.27
244	10.5	1	1.27
244	11.5	1	1.27
244	12.5	1	1.27
244	13.5	1	1.27
244	14.5	1	1.27
244	15.5	1	1.26
244	16.5	1	1.26
244	17.5	1	1.26
244	18.5	1	1.26
244	19.5	1	1.26
244	20.5	1	1.26
244	21.5	1	1.26
244	22.5	1	1.26
244	23.5	1	1.25
245	0.5	1	1.25
245	1.5	1	1.25
245	2.5	1	1.25
245	3.5	1	1.25
245	4.5	1	1.25
245	5.5	1	1.25
245	6.5	1	1.25
245	7.5	1	1.24
245	8.5	1	1.24
245	9.5	1	1.24
245	10.5	1	1.24
245	11.5	1	1.24
245	12.5	1	1.24
245	13.5	1	1.24
245	14.5	1	1.24
245	15.5	1	1.24
245	16.5	1	1.23
245	17.5	1	1.23
245	18.5	1	1.23
245	19.5	1	1.23
245	20.5	1	1.23
245	21.5	1	1.23
245	22.5	1	1.23
245	23.5	1	1.23
246	0.5	1	1.22
246	1.5	1	1.22
246	2.5	1	1.22
246	3.5	1	1.22
246	4.5	1	1.22
246	5.5	1	1.22
246	6.5	1	1.22
246	7.5	1	1.22
246	8.5	1	1.21
246	9.5	1	1.21
246	10.5	1	1.21
246	11.5	1	1.21
246	12.5	1	1.21
246	13.5	1	1.21
246	14.5	1	1.21
246	15.5	1	1.21
246	16.5	1	1.21
246	17.5	1	1.2
246	18.5	1	1.2
246	19.5	1	1.2
246	20.5	1	1.2
246	21.5	1	1.2
246	22.5	1	1.2
246	23.5	1	1.2
247	0.5	1	1.2
247	1.5	1	1.19
247	2.5	1	1.19
247	3.5	1	1.19
247	4.5	1	1.19
247	5.5	1	1.19
247	6.5	1	1.19
247	7.5	1	1.19
247	8.5	1	1.19
247	9.5	1	1.18
247	10.5	1	1.18
247	11.5	1	1.18
247	12.5	1	1.18
247	13.5	1	1.18
247	14.5	1	1.18
247	15.5	1	1.18
247	16.5	1	1.18
247	17.5	1	1.18
247	18.5	1	1.17
247	19.5	1	1.17
247	20.5	1	1.17
247	21.5	1	1.17
247	22.5	1	1.17
247	23.5	1	1.17
248	0.5	1	1.17
248	1.5	1	1.17
248	2.5	1	1.16
248	3.5	1	1.16
248	4.5	1	1.16
248	5.5	1	1.16
248	6.5	1	1.16
248	7.5	1	1.16
248	8.5	1	1.16
248	9.5	1	1.16
248	10.5	1	1.15
248	11.5	1	1.15
248	12.5	1	1.15
248	13.5	1	1.15
248	14.5	1	1.15
248	15.5	1	1.15
248	16.5	1	1.15
248	17.5	1	1.15
248	18.5	1	1.15
248	19.5	1	1.14
248	20.5	1	1.14
248	21.5	1	1.14
248	22.5	1	1.14
248	23.5	1	1.14
249	0.5	1	1.14
249	1.5	1	1.14
249	2.5	1	1.14
249	3.5	1	1.13
249	4.5	1	1.13
249	5.5	1	1.13
249	6.5	1	1.13
249	7.5	1	1.13
249	8.5	1	1.13
249	9.5	1	1.13
249	10.5	1	1.13
249	11.5	1	1.12
249	12.5	1	1.12
249	13.5	1	1.12
249	14.5	1	1.12
249	15.5	1	1.12
249	16.5	1	1.12
249	17.5	1	1.12
249	18.5	1	1.12
249	19.5	1	1.12
249	20.5	1	1.11
249	21.5	1	1.11
249	22.5	1	1.11
249	23.5	1	1.11
250	0.5	1	1.11
250	1.5	1	1.11
250	2.5	1	1.11
250	3.5	1	1.11
250	4.5	1	1.1
250	5.5	1	1.1
250	6.5	1	1.1
250	7.5	1	1.1
250	8.5	1	1.1
250	9.5	1	1.1
250	10.5	1	1.1
250	11.5	1	1.1
250	12.5	1	1.09
250	13.5	1	1.09
250	14.5	1	1.09
250	15.5	1	1.09
250	16.5	1	1.09
250	17.5	1	1.09
250	18.5	1	1.09
250	19.5	1	1.09
250	20.5	1	1.09
250	21.5	1	1.08
250	22.5	1	1.08
250	23.5	1	1.08
251	0.5	1	1.08
251	1.5	1	1.08
251	2.5	1	1.08
251	3.5	1	1.08
251	4.5	1	1.08
251	5.5	1	1.07
251	6.5	1	1.07
251	7.5	1	1.07
251	8.5	1	1.07
251	9.5	1	1.07
251	10.5	1	1.07
251	11.5	1	1.07
251	12.5	1	1.07
251	13.5	1	1.06
251	14.5	1	1.06
251	15.5	1	1.06
251	16.5	1	1.06
251	17.5	1	1.06
251	18.5	1	1.06
251	19.5	1	1.06
251	20.5	1	1.06
251	21.5	1	1.06
251	22.5	1	1.05
251	23.5	1	1.05
252	0.5	1	1.05
252	1.5	1	1.05
252	2.5	1	1.05
252	3.5	1	1.05
252	4.5	1	1.05
252	5.5	1	1.05
252	6.5	1	1.04
252	7.5	1	1.04
252	8.5	1	1.04
252	9.5	1	1.04
252	10.5	1	1.04
252	11.5	1	1.04
252	12.5	1	1.04
252	13.5	1	1.04
252	14.5	1	1.03
252	15.5	1	1.03
252	16.5	1	1.03
252	17.5	1	1.03
252	18.5	1	1.03
252	19.5	1	1.03
252	20.5	1	1.03
252	21.5	1	1.03
252	22.5	1	1.03
252	23.5	1	1.02
253	0.5	1	1.02
253	1.5	1	1.02
253	2.5	1	1.02
253	3.5	1	1.02
253	4.5	1	1.02
253	5.5	1	1.02
253	6.5	1	1.02
253	7.5	1	1.01
253	8.5	1	1.01
253	9.5	1	1.01
253	10.5	1	1.01
253	11.5	1	1.01
253	12.5	1	1.01
253	13.5	1	1.01
253	14.5	1	1.01
253	15.5	1	1
253	16.5	1	1
253	17.5	1	1
253	18.5	1	1
253	19.5	1	1
253	20.5	1	1
253	21.5	1	1
253	22.5	1	1
253	23.5	1	1
254	0.5	1	0.99
254	1.5	1	0.99
254	2.5	1	0.99
254	3.5	1	0.99
254	4.5	1	0.99
254	5.5	1	0.99
254	6.5	1	0.99
254	7.5	1	0.99
254	8.5	1	0.98
254	9.5	1	0.98
254	10.5	1	0.98
254	11.5	1	0.98
254	12.5	1	0.98
254	13.5	1	0.98
254	14.5	1	0.98
254	15.5	1	0.98
254	16.5	1	0.97
254	17.5	1	0.97
254	18.5	1	0.97
254	19.5	1	0.97
254	20.5	1	0.97
254	21.5	1	0.97
254	22.5	1	0.97
254	23.5	1	0.97
255	0.5	1	0.96
255	1.5	1	0.96
255	2.5	1	0.96
255	3.5	1	0.96
255	4.5	1	0.96
255	5.5	1	0.96
255	6.5	1	0.96
255	7.5	1	0.96
255	8.5	1	0.96
255	9.5	1	0.95
255	10.5	1	0.95
255	11.5	1	0.95
255	12.5	1	0.95
255	13.5	1	0.95
255	14.5	1	0.95
255	15.5	1	0.95
255	16.5	1	0.95
255	17.5	1	0.94
255	18.5	1	0.94
255	19.5	1	0.94
255	20.5	1	0.94
255	21.5	1	0.94
255	22.5	1	0.94
255	23.5	1	0.94
256	0.5	1	0.94
256	1.5	1	0.93
256	2.5	1	0.93
256	3.5	1	0.93
256	4.5	1	0.93
256	5.5	1	0.93
256	6.5	1	0.93
256	7.5	1	0.93
256	8.5	1	0.93
256	9.5	1	0.93
256	10.5	1	0.92
256	11.5	1	0.92
256	12.5	1	0.92
256	13.5	1	0.92
256	14.5	1	0.92
256	15.5	1	0.92
256	16.5	1	0.92
256	17.5	1	0.92
256	18.5	1	0.91
256	19.5	1	0.91
256	20.5	1	0.91
256	21.5	1	0.91
256	22.5	1	0.91
256	23.5	1	0.91
257	0.5	1	0.91
257	1.5	1	0.91
257	2.5	1	0.9
257	3.5	1	0.9
257	4.5	1	0.9
257	5.5	1	0.9
257	6.5	1	0.9
257	7.5	1	0.9
257	8.5	1	0.9
257	9.5	1	0.9
257	10.5	1	0.9
257	11.5	1	0.89
257	12.5	1	0.89
257	13.5	1	0.89
257	14.5	1	0.89
257	15.5	1	0.89
257	16.5	1	0.89
257	17.5	1	0.89
257	18.5	1	0.89
257	19.5	1	0.88
257	20.5	1	0.88
257	21.5	1	0.88
257	22.5	1	0.88
257	23.5	1	0.88
258	0.5	1	0.88
258	1.5	1	0.88
258	2.5	1	0.88
258	3.5	1	0.87
258	4.5	1	0.87
258	5.5	1	0.87
258	6.5	1	0.87
258	7.5	1	0.87
258	8.5	1	0.87
258	9.5	1	0.87
258	10.5	1	0.87
258	11.5	1	0.87
258	12.5	1	0.86
258	13.5	1	0.86
258	14.5	1	0.86
258	15.5	1	0.86
258	16.5	1	0.86
258	17.5	1	0.86
258	18.5	1	0.86
258	19.5	1	0.86
258	20.5	1	0.85
258	21.5	1	0.85
258	22.5	1	0.85
258	23.5	1	0.85
259	0.5	1	0.85
259	1.5	1	0.85
259	2.5	1	0.85
259	3.5	1	0.85
259	4.5	1	0.84
259	5.5	1	0.84
259	6.5	1	0.84
259	7.5	1	0.84
259	8.5	1	0.84
259	9.5	1	0.84
259	10.5	1	0.84
259	11.5	1	0.84
259	12.5	1	0.84
259	13.5	1	0.83
259	14.5	1	0.83
259	15.5	1	0.83
259	16.5	1	0.83
259	17.5	1	0.83
259	18.5	1	0.83
259	19.5	1	0.83
259	20.5	1	0.83
259	21.5	1	0.82
259	22.5	1	0.82
259	23.5	1	0.82
260	0.5	1	0.82
260	1.5	1	0.82
260	2.5	1	0.82
260	3.5	1	0.82
260	4.5	1	0.82
260	5.5	1	0.81
260	6.5	1	0.81
260	7.5	1	0.81
260	8.5	1	0.81
260	9.5	1	0.81
260	10.5	1	0.81
260	11.5	1	0.81
260	12.5	1	0.81
260	13.5	1	0.81
260	14.5	1	0.8
260	15.5	1	0.8
260	16.5	1	0.8
260	17.5	1	0.8
260	18.5	1	0.8
260	19.5	1	0.8
260	20.5	1	0.8
260	21.5	1	0.8
260	22.5	1	0.79
260	23.5	1	0.79
261	0.5	1	0.79
261	1.5	1	0.79
261	2.5	1	0.79
261	3.5	1	0.79
261	4.5	1	0.79
261	5.5	1	0.79
261	6.5	1	0.78
261	7.5	1	0.78
261	8.5	1	0.78
261	9.5	1	0.78
261	10.5	1	0.78
261	11.5	1	0.78
261	12.5	1	0.78
261	13.5	1	0.78
261	14.5	1	0.78
261	15.5	1	0.77
261	16.5	1	0.77
261	17.5	1	0.77
261	18.5	1	0.77
261	19.5	1	0.77
261	20.5	1	0.77
261	21.5	1	0.77
261	22.5	1	0.77
261	23.5	1	0.76
262	0.5	1	0.76
262	1.5	1	0.76
262	2.5	1	0.76
262	3.5	1	0.76
262	4.5	1	0.76
262	5.5	1	0.76
262	6.5	1	0.76
262	7.5	1	0.75
262	8.5	1	0.75
262	9.5	1	0.75
262	10.5	1	0.75
262	11.5	1	0.75
262	12.5	1	0.75
262	13.5	1	0.75
262	14.5	1	0.75
262	15.5	1	0.75
262	16.5	1	0.74
262	17.5	1	0.74
262	18.5	1	0.74
262	19.5	1	0.74
262	20.5	1	0.74
262	21.5	1	0.74
262	22.5	1	0.74
262	23.5	1	0.74
263	0.5	1	0.73
263	1.5	1	0.73
263	2.5	1	0.73
263	3.5	1	0.73
263	4.5	1	0.73
263	5.5	1	0.73
263	6.5	1	0.73
263	7.5	1	0.73
263	8.5	1	0.72
263	9.5	1	0.72
263	10.5	1	0.72
263	11.5	1	0.72
263	12.5	1	0.72
263	13.5	1	0.72
263	14.5	1	0.72
263	15.5	1	0.72
263	16.5	1	0.72
263	17.5	1	0.71
263	18.5	1	0.71
263	19.5	1	0.71
263	20.5	1	0.71
263	21.5	1	0.71
263	22.5	1	0.71
263	23.5	1	0.71
264	0.5	1	0.71
264	1.5	1	0.7
264	2.5	1	0.7
264	3.5	1	0.7
264	4.5	1	0.7
264	5.5	1	0.7
264	6.5	1	0.7
264	7.5	1	0.7
264	8.5	1	0.7
264	9.5	1	0.69
264	10.5	1	0.69
264	11.5	1	0.69
264	12.5	1	0.69
264	13.5	1	0.69
264	14.5	1	0.69
264	15.5	1	0.69
264	16.5	1	0.69
264	17.5	1	0.69
264	18.5	1	0.68
264	19.5	1	0.68
264	20.5	1	0.68
264	21.5	1	0.68
264	22.5	1	0.68
264	23.5	1	0.68
265	0.5	1	0.68
265	1.5	1	0.68
265	2.5	1	0.67
265	3.5	1	0.67
265	4.5	1	0.67
265	5.5	1	0.67
265	6.5	1	0.67
265	7.5	1	0.67
265	8.5	1	0.67
265	9.5	1	0.67
265	10.5	1	0.66
265	11.5	1	0.66
265	12.5	1	0.66
265	13.5	1	0.66
265	14.5	1	0.66
265	15.5	1	0.66
265	16.5	1	0.66
265	17.5	1	0.66
265	18.5	1	0.66
265	19.5	1	0.65
265	20.5	1	0.65
265	21.5	1	0.65
265	22.5	1	0.65
265	23.5	1	0.65
266	0.5	1	0.65
266	1.5	1	0.65
266	2.5	1	0.65
266	3.5	1	0.64
266	4.5	1	0.64
266	5.5	1	0.64
266	6.5	1	0.64
266	7.5	1	0.64
266	8.5	1	0.64
266	9.5	1	0.64
266	10.5	1	0.64
266	11.5	1	0.63
266	12.5	1	0.63
266	13.5	1	0.63
266	14.5	1	0.63
266	15.5	1	0.63
266	16.5	1	0.63
266	17.5	1	0.63
266	18.5	1	0.63
266	19.5	1	0.63
266	20.5	1	0.62
266	21.5	1	0.62
266	22.5	1	0.62
266	23.5	1	0.62
267	0.5	1	0.62
267	1.5	1	0.62
267	2.5	1	0.62
267	3.5	1	0.62
267	4.5	1	0.61
267	5.5	1	0.61
267	6.5	1	0.61
267	7.5	1	0.61
267	8.5	1	0.61
267	9.5	1	0.61
267	10.5	1	0.61
267	11.5	1	0.61
267	12.5	1	0.6
267	13.5	1	0.6
267	14.5	1	0.6
267	15.5	1	0.6
267	16.5	1	0.6
267	17.5	1	0.6
267	18.5	1	0.6
267	19.5	1	0.6
267	20.5	1	0.6
267	21.5	1	0.59
267	22.5	1	0.59
267	23.5	1	0.59
268	0.5	1	0.59
268	1.5	1	0.59
268	2.5	1	0.59
268	3.5	1	0.59
268	4.5	1	0.59
268	5.5	1	0.58
268	6.5	1	0.58
268	7.5	1	0.58
268	8.5	1	0.58
268	9.5	1	0.58
268	10.5	1	0.58
268	11.5	1	0.58
268	12.5	1	0.58
268	13.5	1	0.57
268	14.5	1	0.57
268	15.5	1	0.57
268	16.5	1	0.57
268	17.5	1	0.57
268	18.5	1	0.57
268	19.5	1	0.57
268	20.5	1	0.57
268	21.5	1	0.57
268	22.5	1	0.56
268	23.5	1	0.56
269	0.5	1	0.56
269	1.5	1	0.56
269	2.5	1	0.56
269	3.5	1	0.56
269	4.5	1	0.56
269	5.5	1	0.56
269	6.5	1	0.55
269	7.5	1	0.55
269	8.5	1	0.55
269	9.5	1	0.55
269	10.5	1	0.55
269	11.5	1	0.55
269	12.5	1	0.55
269	13.5	1	0.55
269	14.5	1	0.54
269	15.5	1	0.54
269	16.5	1	0.54
269	17.5	1	0.54
269	18.5	1	0.54
269	19.5	1	0.54
269	20.5	1	0.54
269	21.5	1	0.54
269	22.5	1	0.54
269	23.5	1	0.53
270	0.5	1	0.53
270	1.5	1	0.53
270	2.5	1	0.53
270	3.5	1	0.53
270	4.5	1	0.53
270	5.5	1	0.53
270	6.5	1	0.53
270	7.5	1	0.52
270	8.5	1	0.52
270	9.5	1	0.52
270	10.5	1	0.52
270	11.5	1	0.52
270	12.5	1	0.52
270	13.5	1	0.52
270	14.5	1	0.52
270	15.5	1	0.51
270	16.5	1	0.51
270	17.5	1	0.51
270	18.5	1	0.51
270	19.5	1	0.51
270	20.5	1	0.51
270	21.5	1	0.51
270	22.5	1	0.51
270	23.5	1	0.51
271	0.5	1	0.5
271	1.5	1	0.5
271	2.5	1	0.5
271	3.5	1	0.5
271	4.5	1	0.5
271	5.5	1	0.5
271	6.5	1	0.5
271	7.5	1	0.5
271	8.5	1	0.49
271	9.5	1	0.49
271	10.5	1	0.49
271	11.5	1	0.49
271	12.5	1	0.49
271	13.5	1	0.49
271	14.5	1	0.49
271	15.5	1	0.49
271	16.5	1	0.48
271	17.5	1	0.48
271	18.5	1	0.48
271	19.5	1	0.48
271	20.5	1	0.48
271	21.5	1	0.48
271	22.5	1	0.48
271	23.5	1	0.48
272	0.5	1	0.47
272	1.5	1	0.47
272	2.5	1	0.47
272	3.5	1	0.47
272	4.5	1	0.47
272	5.5	1	0.47
272	6.5	1	0.47
272	7.5	1	0.47
272	8.5	1	0.47
272	9.5	1	0.46
272	10.5	1	0.46
272	11.5	1	0.46
272	12.5	1	0.46
272	13.5	1	0.46
272	14.5	1	0.46
272	15.5	1	0.46
272	16.5	1	0.46
272	17.5	1	0.45
272	18.5	1	0.45
272	19.5	1	0.45
272	20.5	1	0.45
272	21.5	1	0.45
272	22.5	1	0.45
272	23.5	1	0.45
273	0.5	1	0.45
273	1.5	1	0.44
273	2.5	1	0.44
273	3.5	1	0.44
273	4.5	1	0.44
273	5.5	1	0.44
273	6.5	1	0.44
273	7.5	1	0.44
273	8.5	1	0.44
273	9.5	1	0.44
273	10.5	1	0.43
273	11.5	1	0.43
273	12.5	1	0.43
273	13.5	1	0.43
273	14.5	1	0.43
273	15.5	1	0.43
273	16.5	1	0.43
273	17.5	1	0.43
273	18.5	1	0.42
273	19.5	1	0.42
273	20.5	1	0.42
273	21.5	1	0.42
273	22.5	1	0.42
273	23.5	1	0.42
